Frequency (Hz)	Level (dB)
21.533203	-67.565025
43.066406	-78.692268
64.599609	-84.639603
86.132812	-88.270859
107.666016	-90.772797
129.199219	-90.365082
150.732422	-90.488182
172.265625	-90.873856
193.798828	-91.322365
215.332031	-89.659836
236.865234	-85.482475
258.398438	-78.686249
279.931641	-68.981934
301.464844	-50.384422
322.998047	-38.244957
344.531250	-39.165176
366.064453	-54.432224
387.597656	-70.699348
409.130859	-78.889549
430.664062	-81.632027
452.197266	-80.925102
473.730469	-80.747192
495.263672	-80.891838
516.796875	-79.315575
538.330078	-75.392014
559.863281	-72.948769
581.396484	-71.197235
602.929688	-61.945629
624.462891	-46.161152
645.996094	-29.596987
667.529297	-26.852015
689.062500	-35.393623
710.595703	-58.009014
732.128906	-69.406555
753.662109	-77.337029
775.195312	-82.132858
796.728516	-83.839417
818.261719	-87.524384
839.794922	-86.489914
861.328125	-82.136383
882.861328	-77.361061
904.394531	-74.049805
925.927734	-67.504601
947.460938	-55.142765
968.994141	-35.241573
990.527344	-27.605957
1012.060547	-30.191099
1033.593750	-44.718494
1055.126953	-62.785660
1076.660156	-70.237701
1098.193359	-75.228088
1119.726562	-75.148331
1141.259766	-77.786621
1162.792969	-76.477356
1184.326172	-77.457207
1205.859375	-77.712616
1227.392578	-73.619583
1248.925781	-68.993866
1270.458984	-59.645348
1291.992188	-40.040382
1313.525391	-27.882378
1335.058594	-26.422997
1356.591797	-34.331589
1378.125000	-51.658752
1399.658203	-64.517082
1421.191406	-70.012054
1442.724609	-71.180992
1464.257812	-68.055290
1485.791016	-65.642433
1507.324219	-66.559761
1528.857422	-69.195557
1550.390625	-68.566467
1571.923828	-67.864494
1593.457031	-67.203491
1614.990234	-51.809399
1636.523438	-39.907295
1658.056641	-36.030109
1679.589844	-40.779430
1701.123047	-54.791641
1722.656250	-73.705612
1744.189453	-79.952469
1765.722656	-81.472504
1787.255859	-84.434937
1808.789062	-85.275444
1830.322266	-89.046341
1851.855469	-89.724709
1873.388672	-90.275101
1894.921875	-90.308807
1916.455078	-90.038322
1937.988281	-76.436050
1959.521484	-63.569347
1981.054688	-55.389214
2002.587891	-54.801300
2024.121094	-62.145573
2045.654297	-75.635437
2067.187500	-85.624901
2088.720703	-86.821693
2110.253906	-85.988991
2131.787109	-87.973534
2153.320312	-87.027237
2174.853516	-90.259453
2196.386719	-88.443466
2217.919922	-87.797859
2239.453125	-88.506111
2260.986328	-87.810211
2282.519531	-74.979721
2304.052734	-68.008041
2325.585938	-66.149658
2347.119141	-70.815598
2368.652344	-80.038399
2390.185547	-91.058495
2411.718750	-93.709145
2433.251953	-93.576050
2454.785156	-92.974998
2476.318359	-91.566872
2497.851562	-91.436447
2519.384766	-92.323448
2540.917969	-91.498138
2562.451172	-91.350655
2583.984375	-87.957008
2605.517578	-71.177559
2627.050781	-62.213459
2648.583984	-57.670826
2670.117188	-59.663387
2691.650391	-67.236000
2713.183594	-78.826096
2734.716797	-89.360298
2756.250000	-92.813560
2777.783203	-92.700615
2799.316406	-92.168190
2820.849609	-92.332626
2842.382812	-91.979843
2863.916016	-92.908882
2885.449219	-91.858368
2906.982422	-88.021484
2928.515625	-71.767860
2950.048828	-61.741951
2971.582031	-54.538219
2993.115234	-51.420029
3014.648438	-55.253548
3036.181641	-63.145332
3057.714844	-75.417252
3079.248047	-79.981178
3100.781250	-79.449028
3122.314453	-78.182442
3143.847656	-76.770020
3165.380859	-76.277626
3186.914062	-76.428123
3208.447266	-74.770973
3229.980469	-69.835381
3251.513672	-55.972744
3273.046875	-45.129715
3294.580078	-39.978237
3316.113281	-35.349220
3337.646484	-37.118717
3359.179688	-44.042393
3380.712891	-53.068893
3402.246094	-65.300552
3423.779297	-69.468666
3445.312500	-72.686081
3466.845703	-72.990860
3488.378906	-72.981224
3509.912109	-74.318199
3531.445312	-76.691277
3552.978516	-77.122108
3574.511719	-69.786629
3596.044922	-56.443840
3617.578125	-53.376644
3639.111328	-53.716965
3660.644531	-55.795116
3682.177734	-63.184475
3703.710938	-69.665192
3725.244141	-77.001122
3746.777344	-78.087868
3768.310547	-78.244522
3789.843750	-78.115883
3811.376953	-78.147720
3832.910156	-79.373253
3854.443359	-84.313843
3875.976562	-87.316002
3897.509766	-84.583420
3919.042969	-71.559753
3940.576172	-66.615509
3962.109375	-61.562725
3983.642578	-57.211727
4005.175781	-59.336609
4026.708984	-61.348076
4048.242188	-66.891571
4069.775391	-78.184082
4091.308594	-77.632187
4112.841797	-74.657417
4134.375000	-72.737511
4155.908203	-70.474625
4177.441406	-70.211647
4198.974609	-69.187439
4220.507812	-66.502838
4242.041016	-49.620987
4263.574219	-42.393364
4285.107422	-39.705872
4306.640625	-36.675682
4328.173828	-37.693165
4349.707031	-45.382809
4371.240234	-53.643494
4392.773438	-64.028618
4414.306641	-74.614059
4435.839844	-76.333900
4457.373047	-79.809822
4478.906250	-80.353874
4500.439453	-79.467140
4521.972656	-79.098587
4543.505859	-77.253357
4565.039062	-60.700222
4586.572266	-51.164749
4608.105469	-48.669556
4629.638672	-45.857914
4651.171875	-44.388878
4672.705078	-48.696388
4694.238281	-56.932644
4715.771484	-64.642700
4737.304688	-75.024033
4758.837891	-79.108749
4780.371094	-81.343201
4801.904297	-82.310608
4823.437500	-82.010445
4844.970703	-82.486778
4866.503906	-81.210510
4888.037109	-73.900490
4909.570312	-61.762951
4931.103516	-59.104275
4952.636719	-56.781593
4974.169922	-54.962894
4995.703125	-57.207134
5017.236328	-64.647789
5038.769531	-73.978203
5060.302734	-84.531578
5081.835938	-92.226555
5103.369141	-93.905716
5124.902344	-92.078659
5146.435547	-90.574883
5167.968750	-90.113617
5189.501953	-90.039703
5211.035156	-84.473930
5232.568359	-72.364273
5254.101562	-67.234711
5275.634766	-64.622169
5297.167969	-61.825069
5318.701172	-60.453133
5340.234375	-61.479790
5361.767578	-65.665932
5383.300781	-70.444160
5404.833984	-80.623756
5426.367188	-84.957481
5447.900391	-83.824745
5469.433594	-82.958832
5490.966797	-84.861107
5512.500000	-86.589165
5534.033203	-81.436264
5555.566406	-70.338676
5577.099609	-64.693993
5598.632812	-60.969967
5620.166016	-55.833950
5641.699219	-52.712292
5663.232422	-53.575119
5684.765625	-57.403908
5706.298828	-60.162167
5727.832031	-66.532837
5749.365234	-73.913055
5770.898438	-72.714279
5792.431641	-70.912949
5813.964844	-70.877335
5835.498047	-72.138008
5857.031250	-75.063118
5878.564453	-69.803940
5900.097656	-62.193756
5921.630859	-61.849083
5943.164062	-61.399429
5964.697266	-59.768539
5986.230469	-59.585381
6007.763672	-66.128616
6029.296875	-71.781792
6050.830078	-76.788055
6072.363281	-82.568115
6093.896484	-83.460640
6115.429688	-80.777412
6136.962891	-80.061745
6158.496094	-82.437050
6180.029297	-84.966675
6201.562500	-85.698448
6223.095703	-83.544579
6244.628906	-81.726303
6266.162109	-79.553307
6287.695312	-75.222626
6309.228516	-73.175812
6330.761719	-75.774124
6352.294922	-81.319618
6373.828125	-85.878685
6395.361328	-86.874916
6416.894531	-89.252174
6438.427734	-86.528152
6459.960938	-84.607857
6481.494141	-85.265396
6503.027344	-86.581924
6524.560547	-84.381386
6546.093750	-76.046104
6567.626953	-72.767754
6589.160156	-72.670036
6610.693359	-70.955956
6632.226562	-67.032074
6653.759766	-66.757286
6675.292969	-70.665276
6696.826172	-72.903725
6718.359375	-72.946037
6739.892578	-77.010529
6761.425781	-79.642548
6782.958984	-76.917946
6804.492188	-76.470978
6826.025391	-77.674026
6847.558594	-76.205025
6869.091797	-66.593689
6890.625000	-61.897533
6912.158203	-62.317116
6933.691406	-61.692951
6955.224609	-60.921944
6976.757812	-59.821411
6998.291016	-63.466084
7019.824219	-70.295357
7041.357422	-78.542686
7062.890625	-83.879120
7084.423828	-86.474960
7105.957031	-83.566971
7127.490234	-79.676018
7149.023438	-78.211456
7170.556641	-78.486336
7192.089844	-74.302223
7213.623047	-67.979683
7235.156250	-68.511841
7256.689453	-68.238853
7278.222656	-66.454315
7299.755859	-65.130630
7321.289062	-66.799454
7342.822266	-72.434395
7364.355469	-77.763489
7385.888672	-77.062103
7407.421875	-80.584114
7428.955078	-85.365883
7450.488281	-85.201286
7472.021484	-88.824692
7493.554688	-90.831139
7515.087891	-92.355927
7536.621094	-94.904037
7558.154297	-95.208801
7579.687500	-89.293266
7601.220703	-80.761177
7622.753906	-77.199966
7644.287109	-76.890869
7665.820312	-79.241959
7687.353516	-83.209808
7708.886719	-80.596764
7730.419922	-79.444984
7751.953125	-85.756027
7773.486328	-89.399620
7795.019531	-90.284714
7816.552734	-87.973824
7838.085938	-87.763893
7859.619141	-85.980408
7881.152344	-84.802887
7902.685547	-82.325378
7924.218750	-76.679192
7945.751953	-73.963852
7967.285156	-72.862122
7988.818359	-75.438591
8010.351562	-79.367928
8031.884766	-82.874268
8053.417969	-84.147430
8074.951172	-87.046753
8096.484375	-86.897583
8118.017578	-86.180084
8139.550781	-85.407173
8161.083984	-85.362869
8182.617188	-80.954941
8204.150391	-77.120728
8225.683594	-77.692795
8247.216797	-74.824234
8268.750000	-72.636452
8290.283203	-70.933823
8311.816406	-71.328728
8333.349609	-73.954597
8354.882812	-77.983131
8376.416016	-79.336952
8397.949219	-80.010719
8419.482422	-81.922546
8441.015625	-82.066704
8462.548828	-82.511887
8484.082031	-85.002228
8505.615234	-87.625633
8527.148438	-89.391457
8548.681641	-88.201897
8570.214844	-82.897919
8591.748047	-77.682701
8613.281250	-73.884529
8634.814453	-70.933617
8656.347656	-71.383148
8677.880859	-76.638222
8699.414062	-79.085632
8720.947266	-77.539597
8742.480469	-78.733276
8764.013672	-78.937561
8785.546875	-78.341240
8807.080078	-79.104988
8828.613281	-79.270752
8850.146484	-77.118958
8871.679688	-76.286484
8893.212891	-73.593437
8914.746094	-71.102951
8936.279297	-68.943863
8957.812500	-66.534653
8979.345703	-66.821495
9000.878906	-69.777924
9022.412109	-72.219673
9043.945312	-72.628700
9065.478516	-71.454178
9087.011719	-70.628578
9108.544922	-70.153648
9130.078125	-68.208321
9151.611328	-67.439766
9173.144531	-67.457993
9194.677734	-67.687157
9216.210938	-65.685898
9237.744141	-62.393631
9259.277344	-61.056141
9280.810547	-59.286491
9302.343750	-59.114655
9323.876953	-61.412556
9345.410156	-66.092232
9366.943359	-68.531921
9388.476562	-68.211838
9410.009766	-69.312027
9431.542969	-71.998947
9453.076172	-72.797592
9474.609375	-72.463028
9496.142578	-72.091393
9517.675781	-71.483025
9539.208984	-72.229706
9560.742188	-68.748436
9582.275391	-66.149445
9603.808594	-64.977882
9625.341797	-64.549652
9646.875000	-66.404022
9668.408203	-71.167618
9689.941406	-72.679436
9711.474609	-75.178535
9733.007812	-77.182549
9754.541016	-78.989067
9776.074219	-77.982903
9797.607422	-78.009514
9819.140625	-76.632881
9840.673828	-75.989449
9862.207031	-75.753265
9883.740234	-72.463303
9905.273438	-69.838509
9926.806641	-69.609459
9948.339844	-68.114449
9969.873047	-68.351685
9991.406250	-72.272850
10012.939453	-78.276001
10034.472656	-82.083267
10056.005859	-83.895386
10077.539062	-83.206886
10099.072266	-83.292252
10120.605469	-83.512329
10142.138672	-78.040413
10163.671875	-75.275948
10185.205078	-76.085716
10206.738281	-76.478928
10228.271484	-72.284180
10249.804688	-68.845558
10271.337891	-67.144913
10292.871094	-68.719872
10314.404297	-73.275940
10335.937500	-75.472824
10357.470703	-76.875504
10379.003906	-78.053139
10400.537109	-76.577927
10422.070312	-78.448364
10443.603516	-82.482040
10465.136719	-82.551544
10486.669922	-82.698189
10508.203125	-84.005959
10529.736328	-81.418747
10551.269531	-75.593719
10572.802734	-71.283592
10594.335938	-69.352455
10615.869141	-68.640503
10637.402344	-68.795029
10658.935547	-70.000504
10680.468750	-73.344566
10702.001953	-77.873772
10723.535156	-78.005508
10745.068359	-75.814560
10766.601562	-79.478271
10788.134766	-84.255608
10809.667969	-88.653999
10831.201172	-88.162010
10852.734375	-87.479851
10874.267578	-85.509621
10895.800781	-82.872581
10917.333984	-79.136688
10938.867188	-78.002411
10960.400391	-78.977402
10981.933594	-81.670189
11003.466797	-87.287712
11025.000000	-88.895096
11046.533203	-91.458000
11068.066406	-93.645561
11089.599609	-93.300781
11111.132812	-94.807480
11132.666016	-90.623611
11154.199219	-89.085312
11175.732422	-90.051010
11197.265625	-88.602760
11218.798828	-85.782211
11240.332031	-84.768501
11261.865234	-83.269073
11283.398438	-82.609253
11304.931641	-85.054947
11326.464844	-86.597733
11347.998047	-87.492065
11369.531250	-86.009300
11391.064453	-85.172821
11412.597656	-82.821541
11434.130859	-83.033035
11455.664062	-82.000267
11477.197266	-79.491592
11498.730469	-81.524124
11520.263672	-83.622719
11541.796875	-78.544991
11563.330078	-76.093170
11584.863281	-74.039474
11606.396484	-71.709259
11627.929688	-70.874573
11649.462891	-69.463104
11670.996094	-70.811646
11692.529297	-73.314163
11714.062500	-74.013687
11735.595703	-73.114914
11757.128906	-72.024666
11778.662109	-72.800011
11800.195312	-68.585205
11821.728516	-68.205063
11843.261719	-70.398911
11864.794922	-67.880028
11886.328125	-65.257034
11907.861328	-64.224716
11929.394531	-62.591377
11950.927734	-62.832882
11972.460938	-62.687431
11993.994141	-64.589798
12015.527344	-66.594337
12037.060547	-67.745598
12058.593750	-70.842224
12080.126953	-71.711243
12101.660156	-73.240906
12123.193359	-73.909386
12144.726562	-72.300041
12166.259766	-73.757248
12187.792969	-74.520935
12209.326172	-76.231766
12230.859375	-75.342430
12252.392578	-72.285599
12273.925781	-72.148537
12295.458984	-72.720940
12316.992188	-72.941055
12338.525391	-74.895233
12360.058594	-77.866982
12381.591797	-78.970894
12403.125000	-79.483688
12424.658203	-78.884300
12446.191406	-74.375900
12467.724609	-72.497223
12489.257812	-75.083588
12510.791016	-76.151741
12532.324219	-72.491501
12553.857422	-72.831795
12575.390625	-72.575111
12596.923828	-70.672745
12618.457031	-72.391586
12639.990234	-73.933777
12661.523438	-75.535606
12683.056641	-80.673676
12704.589844	-81.708267
12726.123047	-83.118828
12747.656250	-82.073624
12769.189453	-76.769089
12790.722656	-72.297913
12812.255859	-72.863861
12833.789062	-73.552353
12855.322266	-70.082642
12876.855469	-69.354843
12898.388672	-69.866142
12919.921875	-67.188416
12941.455078	-68.138565
12962.988281	-68.140114
12984.521484	-68.302490
13006.054688	-71.769173
13027.587891	-73.761650
13049.121094	-76.858177
13070.654297	-82.292343
13092.187500	-80.201485
13113.720703	-78.245308
13135.253906	-77.682182
13156.787109	-79.918472
13178.320312	-78.864388
13199.853516	-78.209206
13221.386719	-79.883911
13242.919922	-79.521690
13264.453125	-79.851059
13285.986328	-82.492699
13307.519531	-83.113113
13329.052734	-85.855072
13350.585938	-88.888367
13372.119141	-89.877144
13393.652344	-91.355217
13415.185547	-90.667488
13436.718750	-90.950058
13458.251953	-91.317856
13479.785156	-91.781197
13501.318359	-91.916725
13522.851562	-92.798256
13544.384766	-92.435501
13565.917969	-88.979965
13587.451172	-86.959366
13608.984375	-87.683128
13630.517578	-88.061333
13652.050781	-89.362732
13673.583984	-92.814316
13695.117188	-95.045502
13716.650391	-95.022797
13738.183594	-96.950218
13759.716797	-93.726936
13781.250000	-92.283073
13802.783203	-93.760719
13824.316406	-94.001991
13845.849609	-89.224968
13867.382812	-89.425171
13888.916016	-92.252823
13910.449219	-89.387245
13931.982422	-87.072189
13953.515625	-86.499245
13975.048828	-85.640915
13996.582031	-86.860672
14018.115234	-89.105865
14039.648438	-88.012344
14061.181641	-87.824707
14082.714844	-86.732941
14104.248047	-85.955345
14125.781250	-85.377312
14147.314453	-86.409264
14168.847656	-82.449104
14190.380859	-81.711960
14211.914062	-85.119263
14233.447266	-84.535019
14254.980469	-82.611320
14276.513672	-83.597992
14298.046875	-83.634705
14319.580078	-84.398743
14341.113281	-87.057312
14362.646484	-87.536209
14384.179688	-88.977257
14405.712891	-89.667389
14427.246094	-89.566544
14448.779297	-89.530296
14470.312500	-89.650314
14491.845703	-88.682335
14513.378906	-87.445656
14534.912109	-88.957687
14556.445312	-89.994034
14577.978516	-87.805740
14599.511719	-88.153664
14621.044922	-90.159424
14642.578125	-89.897614
14664.111328	-91.684143
14685.644531	-93.371849
14707.177734	-94.461235
14728.710938	-93.600105
14750.244141	-91.877243
14771.777344	-92.164818
14793.310547	-92.418816
14814.843750	-91.596169
14836.376953	-90.627907
14857.910156	-90.775337
14879.443359	-91.171486
14900.976562	-88.185104
14922.509766	-87.166351
14944.042969	-88.811760
14965.576172	-88.234894
14987.109375	-90.589783
15008.642578	-93.029572
15030.175781	-92.436378
15051.708984	-92.719910
15073.242188	-93.564606
15094.775391	-94.350403
15116.308594	-94.528290
15137.841797	-95.019073
15159.375000	-94.156967
15180.908203	-93.767189
15202.441406	-91.949760
15223.974609	-89.721710
15245.507812	-88.749619
15267.041016	-88.176750
15288.574219	-88.186234
15310.107422	-88.505966
15331.640625	-90.470093
15353.173828	-91.212051
15374.707031	-90.774704
15396.240234	-89.879326
15417.773438	-90.348145
15439.306641	-89.945480
15460.839844	-89.818481
15482.373047	-88.535652
15503.906250	-88.045097
15525.439453	-88.458160
15546.972656	-88.350609
15568.505859	-87.545792
15590.039062	-86.386307
15611.572266	-87.010056
15633.105469	-88.512657
15654.638672	-89.820457
15676.171875	-90.395340
15697.705078	-89.133125
15719.238281	-89.308617
15740.771484	-87.975800
15762.304688	-87.638176
15783.837891	-87.655777
15805.371094	-88.192703
15826.904297	-88.750565
15848.437500	-89.023994
15869.970703	-87.644318
15891.503906	-85.741142
15913.037109	-84.831268
15934.570312	-84.039177
15956.103516	-83.725403
15977.636719	-86.026833
15999.169922	-87.802017
16020.703125	-88.816116
16042.236328	-88.484093
16063.769531	-89.366661
16085.302734	-91.634453
16106.835938	-92.964546
16128.369141	-93.677124
16149.902344	-95.623688
16171.435547	-98.058052
16192.968750	-99.331856
16214.501953	-98.877403
16236.035156	-98.500153
16257.568359	-98.706436
16279.101562	-98.087166
16300.634766	-98.298409
16322.167969	-101.085739
16343.701172	-103.544586
16365.234375	-103.824631
16386.767578	-104.891205
16408.300781	-106.888954
16429.833984	-108.455170
16451.367188	-108.883919
16472.900391	-109.203438
16494.433594	-107.247078
16515.966797	-105.458588
16537.500000	-103.645592
16559.033203	-101.365723
16580.566406	-100.300789
16602.099609	-101.372437
16623.632812	-100.676758
16645.166016	-100.524628
16666.699219	-102.760338
16688.232422	-103.829628
16709.765625	-103.614494
16731.298828	-103.233566
16752.832031	-103.662888
16774.365234	-105.359962
16795.898438	-104.783180
16817.431641	-104.046188
16838.964844	-104.332809
16860.498047	-103.273651
16882.031250	-101.987343
16903.564453	-101.775208
16925.097656	-101.312019
16946.630859	-101.981789
16968.164062	-101.530754
16989.697266	-103.175056
17011.230469	-104.554726
17032.763672	-104.235016
17054.296875	-103.846115
17075.830078	-103.068100
17097.363281	-102.057236
17118.896484	-103.214867
17140.429688	-102.595436
17161.962891	-101.842216
17183.496094	-101.158226
17205.029297	-98.061607
17226.562500	-95.741341
17248.095703	-94.400414
17269.628906	-94.097298
17291.162109	-93.016312
17312.695312	-94.814026
17334.228516	-98.061867
17355.761719	-97.747635
17377.294922	-98.766655
17398.828125	-98.293098
17420.361328	-96.716614
17441.894531	-98.104050
17463.427734	-96.571739
17484.960938	-95.043213
17506.494141	-96.252731
17528.027344	-96.809891
17549.560547	-94.987099
17571.093750	-94.511475
17592.626953	-94.831139
17614.160156	-95.096992
17635.693359	-94.855797
17657.226562	-95.403938
17678.759766	-94.507538
17700.292969	-94.047943
17721.826172	-95.165932
17743.359375	-95.186928
17764.892578	-95.532227
17786.425781	-93.720139
17807.958984	-92.200676
17829.492188	-93.204643
17851.025391	-92.229652
17872.558594	-89.409142
17894.091797	-89.393356
17915.625000	-89.853104
17937.158203	-89.119118
17958.691406	-89.967880
17980.224609	-93.490837
18001.757812	-95.659195
18023.291016	-95.813034
18044.824219	-97.561462
18066.357422	-98.913177
18087.890625	-98.729027
18109.423828	-100.071968
18130.957031	-97.223854
18152.490234	-98.157204
18174.023438	-99.708534
18195.556641	-98.646927
18217.089844	-97.706062
18238.623047	-96.304405
18260.156250	-95.357018
18281.689453	-92.995232
18303.222656	-93.259926
18324.755859	-94.247360
18346.289062	-94.516930
18367.822266	-94.245804
18389.355469	-95.067368
18410.888672	-95.573792
18432.421875	-95.186775
18453.955078	-93.991951
18475.488281	-93.154465
18497.021484	-93.080856
18518.554688	-90.712952
18540.087891	-88.564873
18561.621094	-88.683632
18583.154297	-89.654274
18604.687500	-89.569725
18626.220703	-90.131836
18647.753906	-92.586945
18669.287109	-93.680557
18690.820312	-96.207832
18712.353516	-96.291061
18733.886719	-96.467857
18755.419922	-97.490051
18776.953125	-97.496964
18798.486328	-96.983963
18820.019531	-96.220352
18841.552734	-96.328957
18863.085938	-96.744026
18884.619141	-95.130661
18906.152344	-93.506866
18927.685547	-93.500183
18949.218750	-95.199013
18970.751953	-97.189186
18992.285156	-98.332321
19013.818359	-98.409859
19035.351562	-98.759109
19056.884766	-99.723259
19078.417969	-100.885941
19099.951172	-101.491249
19121.484375	-99.701370
19143.017578	-99.644417
19164.550781	-101.204208
19186.083984	-101.300331
19207.617188	-98.968521
19229.150391	-97.475075
19250.683594	-97.036819
19272.216797	-98.964279
19293.750000	-101.137321
19315.283203	-101.593208
19336.816406	-101.449181
19358.349609	-102.468094
19379.882812	-103.189072
19401.416016	-103.877853
19422.949219	-105.344353
19444.482422	-104.047218
19466.015625	-103.593712
19487.548828	-103.300064
19509.082031	-101.567833
19530.615234	-97.480904
19552.148438	-96.768219
19573.681641	-96.388512
19595.214844	-96.916107
19616.748047	-98.651772
19638.281250	-100.867889
19659.814453	-103.675613
19681.347656	-106.799072
19702.880859	-106.839523
19724.414062	-105.505600
19745.947266	-105.532799
19767.480469	-106.029915
19789.013672	-105.685730
19810.546875	-102.982033
19832.080078	-101.960701
19853.613281	-101.976341
19875.146484	-101.200851
19896.679688	-101.900757
19918.212891	-103.111847
19939.746094	-101.038857
19961.279297	-99.452667
19982.812500	-100.777573
20004.345703	-101.688988
20025.878906	-103.039627
20047.412109	-103.600471
20068.945312	-103.578697
20090.478516	-103.688538
20112.011719	-104.220802
20133.544922	-103.619209
20155.078125	-103.105705
20176.611328	-103.012871
20198.144531	-102.068542
20219.677734	-102.044266
20241.210938	-101.825409
20262.744141	-101.875816
20284.277344	-103.627747
20305.810547	-104.710846
20327.343750	-104.477158
20348.876953	-106.589050
20370.410156	-107.793457
20391.943359	-108.647270
20413.476562	-109.456726
20435.009766	-109.189056
20456.542969	-107.700821
20478.076172	-104.980515
20499.609375	-105.106789
20521.142578	-105.782837
20542.675781	-104.835579
20564.208984	-104.161942
20585.742188	-103.901123
20607.275391	-105.472427
20628.808594	-107.896523
20650.341797	-105.529274
20671.875000	-104.672592
20693.408203	-105.013466
20714.941406	-106.408157
20736.474609	-107.087242
20758.007812	-107.483780
20779.541016	-105.486626
20801.074219	-106.190620
20822.607422	-106.833466
20844.140625	-105.157204
20865.673828	-105.515923
20887.207031	-105.843491
20908.740234	-106.437653
20930.273438	-105.547287
20951.806641	-105.729065
20973.339844	-103.889320
20994.873047	-103.616188
21016.406250	-105.854790
21037.939453	-108.284554
21059.472656	-107.619560
21081.005859	-107.952705
21102.539062	-108.884720
21124.072266	-109.843994
21145.605469	-109.560440
21167.138672	-109.089729
21188.671875	-109.054428
21210.205078	-108.845207
21231.738281	-108.917778
21253.271484	-109.027573
21274.804688	-107.683037
21296.337891	-108.803398
21317.871094	-109.653221
21339.404297	-109.805389
21360.937500	-111.878044
21382.470703	-112.602219
21404.003906	-111.536522
21425.537109	-110.201859
21447.070312	-111.146927
21468.603516	-112.260231
21490.136719	-111.822723
21511.669922	-111.275421
21533.203125	-111.847809
21554.736328	-112.883858
21576.269531	-113.601250
21597.802734	-114.111443
21619.335938	-114.496239
21640.869141	-116.156212
21662.402344	-115.730614
21683.935547	-116.742821
21705.468750	-117.914299
21727.001953	-117.444084
21748.535156	-116.242012
21770.068359	-116.025749
21791.601562	-115.749916
21813.134766	-115.597366
21834.667969	-114.754318
21856.201172	-114.179016
21877.734375	-114.848839
21899.267578	-115.327148
21920.800781	-113.073906
21942.333984	-111.851959
21963.867188	-113.337776
21985.400391	-112.960396
22006.933594	-112.406204
22028.466797	-113.816643
