Frequency (Hz)	Level (dB)
21.533203	-53.479366
43.066406	-58.565060
64.599609	-65.391525
86.132812	-69.230446
107.666016	-70.939621
129.199219	-73.938980
150.732422	-73.558189
172.265625	-76.603485
193.798828	-85.370445
215.332031	-84.079002
236.865234	-82.215637
258.398438	-81.748001
279.931641	-74.382133
301.464844	-50.072014
322.998047	-41.752663
344.531250	-45.405685
366.064453	-66.445793
387.597656	-81.150246
409.130859	-84.934776
430.664062	-81.706856
452.197266	-81.094475
473.730469	-78.983055
495.263672	-77.722511
516.796875	-75.998558
538.330078	-73.894318
559.863281	-74.524002
581.396484	-69.403877
602.929688	-58.779823
624.462891	-38.596882
645.996094	-28.660273
667.529297	-30.731724
689.062500	-47.212090
710.595703	-63.407986
732.128906	-72.660980
753.662109	-75.114983
775.195312	-75.303658
796.728516	-75.672127
818.261719	-76.434937
839.794922	-74.771080
861.328125	-71.743042
882.861328	-70.955956
904.394531	-66.390602
925.927734	-57.851578
947.460938	-39.084694
968.994141	-27.464668
990.527344	-27.497292
1012.060547	-38.473820
1033.593750	-58.382957
1055.126953	-67.704239
1076.660156	-71.950554
1098.193359	-69.255676
1119.726562	-70.811661
1141.259766	-72.824692
1162.792969	-73.316216
1184.326172	-74.437416
1205.859375	-74.530472
1227.392578	-74.892418
1248.925781	-70.495308
1270.458984	-52.242805
1291.992188	-39.161800
1313.525391	-37.094143
1335.058594	-43.894161
1356.591797	-62.396278
1378.125000	-72.966858
1399.658203	-74.288956
1421.191406	-70.508942
1442.724609	-70.866409
1464.257812	-72.846725
1485.791016	-74.105560
1507.324219	-75.295776
1528.857422	-74.594406
1550.390625	-75.565376
1571.923828	-74.666275
1593.457031	-65.471191
1614.990234	-56.741673
1636.523438	-56.695225
1658.056641	-63.276402
1679.589844	-73.430016
1701.123047	-79.043304
1722.656250	-79.559875
1744.189453	-75.916283
1765.722656	-75.060585
1787.255859	-77.085060
1808.789062	-74.778709
1830.322266	-71.346725
1851.855469	-68.063805
1873.388672	-67.252815
1894.921875	-61.621063
1916.455078	-46.866322
1937.988281	-31.977680
1959.521484	-27.965919
1981.054688	-31.028015
2002.587891	-41.395229
2024.121094	-57.171303
2045.654297	-61.297436
2067.187500	-62.287746
2088.720703	-64.339775
2110.253906	-69.678047
2131.787109	-69.331772
2153.320312	-71.179817
2174.853516	-71.045250
2196.386719	-69.721535
2217.919922	-67.161911
2239.453125	-53.965778
2260.986328	-40.709782
2282.519531	-36.370201
2304.052734	-38.401897
2325.585938	-46.277576
2347.119141	-64.085083
2368.652344	-75.384575
2390.185547	-77.189217
2411.718750	-74.330612
2433.251953	-76.364471
2454.785156	-78.005875
2476.318359	-78.880524
2497.851562	-77.075180
2519.384766	-76.413811
2540.917969	-77.045105
2562.451172	-65.308289
2583.984375	-52.643726
2605.517578	-48.112217
2627.050781	-48.589859
2648.583984	-53.606308
2670.117188	-66.503685
2691.650391	-78.777695
2713.183594	-78.964592
2734.716797	-75.837036
2756.250000	-77.364113
2777.783203	-77.939568
2799.316406	-76.523308
2820.849609	-76.524719
2842.382812	-75.094482
2863.916016	-70.627312
2885.449219	-60.061703
2906.982422	-46.565453
2928.515625	-41.502842
2950.048828	-41.914188
2971.582031	-45.451309
2993.115234	-54.499340
3014.648438	-69.565529
3036.181641	-75.816101
3057.714844	-74.560440
3079.248047	-76.409050
3100.781250	-74.494476
3122.314453	-71.476540
3143.847656	-68.855103
3165.380859	-64.016388
3186.914062	-60.985039
3208.447266	-47.425541
3229.980469	-33.299335
3251.513672	-28.048214
3273.046875	-28.317638
3294.580078	-30.680492
3316.113281	-37.242107
3337.646484	-51.523735
3359.179688	-62.429451
3380.712891	-62.179043
3402.246094	-60.129688
3423.779297	-61.739769
3445.312500	-63.943928
3466.845703	-65.576180
3488.378906	-61.618515
3509.912109	-61.916546
3531.445312	-55.075298
3552.978516	-43.256897
3574.511719	-37.928196
3596.044922	-37.693409
3617.578125	-39.795925
3639.111328	-44.777073
3660.644531	-55.854172
3682.177734	-67.392403
3703.710938	-65.402390
3725.244141	-63.450348
3746.777344	-66.008835
3768.310547	-67.606270
3789.843750	-66.995888
3811.376953	-64.256607
3832.910156	-59.712185
3854.443359	-49.375149
3875.976562	-35.835014
3897.509766	-29.629919
3919.042969	-28.685043
3940.576172	-30.317423
3962.109375	-32.741974
3983.642578	-40.780548
4005.175781	-55.920177
4026.708984	-61.160622
4048.242188	-62.477211
4069.775391	-67.249832
4091.308594	-69.344307
4112.841797	-69.763382
4134.375000	-70.294418
4155.908203	-72.425529
4177.441406	-64.299225
4198.974609	-54.119873
4220.507812	-49.707047
4242.041016	-49.762127
4263.574219	-51.080532
4285.107422	-53.603928
4306.640625	-61.535027
4328.173828	-73.762428
4349.707031	-77.406487
4371.240234	-79.064827
4392.773438	-79.852501
4414.306641	-80.004364
4435.839844	-81.960938
4457.373047	-81.767288
4478.906250	-82.573845
4500.439453	-76.737404
4521.972656	-67.035194
4543.505859	-59.551632
4565.039062	-59.112331
4586.572266	-57.873917
4608.105469	-57.323292
4629.638672	-60.349270
4651.171875	-70.785820
4672.705078	-79.208008
4694.238281	-77.758514
4715.771484	-74.672714
4737.304688	-76.775543
4758.837891	-77.672707
4780.371094	-74.181046
4801.904297	-71.960892
4823.437500	-63.573914
4844.970703	-52.422630
4866.503906	-45.844494
4888.037109	-45.775208
4909.570312	-51.240356
4931.103516	-56.735329
4952.636719	-54.696083
4974.169922	-59.726864
4995.703125	-73.752556
5017.236328	-78.031311
5038.769531	-78.271210
5060.302734	-78.146698
5081.835938	-75.717400
5103.369141	-74.863495
5124.902344	-72.754501
5146.435547	-62.397747
5167.968750	-52.207016
5189.501953	-46.131233
5211.035156	-46.319241
5232.568359	-46.907749
5254.101562	-48.304596
5275.634766	-50.467060
5297.167969	-56.508904
5318.701172	-69.473801
5340.234375	-76.468513
5361.767578	-79.725182
5383.300781	-79.704819
5404.833984	-81.665634
5426.367188	-87.467674
5447.900391	-89.439545
5469.433594	-82.178757
5490.966797	-72.910271
5512.500000	-64.695648
5534.033203	-63.648144
5555.566406	-64.122635
5577.099609	-63.776978
5598.632812	-65.083977
5620.166016	-70.076820
5641.699219	-82.699020
5663.232422	-87.693275
5684.765625	-88.117966
5706.298828	-87.172218
5727.832031	-87.926323
5749.365234	-87.961143
5770.898438	-86.076225
5792.431641	-82.466370
5813.964844	-78.744148
5835.498047	-73.312508
5857.031250	-68.719910
5878.564453	-66.114807
5900.097656	-68.838051
5921.630859	-70.999672
5943.164062	-72.114288
5964.697266	-78.311157
5986.230469	-85.321693
6007.763672	-83.799423
6029.296875	-82.741531
6050.830078	-84.231598
6072.363281	-87.302353
6093.896484	-83.096191
6115.429688	-79.035408
6136.962891	-71.856209
6158.496094	-64.221924
6180.029297	-62.576015
6201.562500	-63.145622
6223.095703	-65.112076
6244.628906	-66.495499
6266.162109	-67.901871
6287.695312	-72.459702
6309.228516	-80.673080
6330.761719	-81.993034
6352.294922	-83.036797
6373.828125	-83.100174
6395.361328	-86.925575
6416.894531	-84.376068
6438.427734	-78.255730
6459.960938	-70.639664
6481.494141	-65.566528
6503.027344	-64.767960
6524.560547	-64.016586
6546.093750	-66.612587
6567.626953	-66.693161
6589.160156	-70.608360
6610.693359	-76.581238
6632.226562	-85.368332
6653.759766	-89.617317
6675.292969	-87.193153
6696.826172	-85.745972
6718.359375	-86.724022
6739.892578	-84.756546
6761.425781	-77.697723
6782.958984	-68.178246
6804.492188	-59.382263
6826.025391	-57.044563
6847.558594	-56.565098
6869.091797	-57.106838
6890.625000	-57.468201
6912.158203	-59.217213
6933.691406	-62.044159
6955.224609	-70.400459
6976.757812	-81.574989
6998.291016	-82.806534
7019.824219	-82.714531
7041.357422	-84.575592
7062.890625	-86.634140
7084.423828	-80.311241
7105.957031	-74.009750
7127.490234	-66.918480
7149.023438	-65.123932
7170.556641	-65.122841
7192.089844	-66.249313
7213.623047	-66.318451
7235.156250	-65.957985
7256.689453	-66.171616
7278.222656	-70.450279
7299.755859	-79.209290
7321.289062	-84.525085
7342.822266	-83.830124
7364.355469	-83.888336
7385.888672	-84.556404
7407.421875	-81.083641
7428.955078	-73.888191
7450.488281	-69.316162
7472.021484	-68.792023
7493.554688	-66.584702
7515.087891	-67.065910
7536.621094	-67.718193
7558.154297	-67.009636
7579.687500	-66.172852
7601.220703	-67.749649
7622.753906	-76.005875
7644.287109	-80.581604
7665.820312	-77.661232
7687.353516	-78.882462
7708.886719	-80.071899
7730.419922	-73.876022
7751.953125	-66.147476
7773.486328	-58.033489
7795.019531	-54.819374
7816.552734	-55.474018
7838.085938	-55.658165
7859.619141	-57.752857
7881.152344	-58.020554
7902.685547	-62.248825
7924.218750	-64.774002
7945.751953	-71.355133
7967.285156	-78.995628
7988.818359	-77.527786
8010.351562	-78.632469
8031.884766	-81.491440
8053.417969	-75.053322
8074.951172	-67.830437
8096.484375	-61.710949
8118.017578	-59.853283
8139.550781	-61.712151
8161.083984	-61.196133
8182.617188	-64.032074
8204.150391	-64.704300
8225.683594	-67.134743
8247.216797	-67.008179
8268.750000	-70.629257
8290.283203	-79.214302
8311.816406	-82.920952
8333.349609	-81.055336
8354.882812	-82.664124
8376.416016	-76.578751
8397.949219	-69.640785
8419.482422	-63.190563
8441.015625	-60.784683
8462.548828	-61.236507
8484.082031	-60.439022
8505.615234	-61.513920
8527.148438	-60.922436
8548.681641	-61.667732
8570.214844	-62.672081
8591.748047	-64.029343
8613.281250	-70.061333
8634.814453	-75.361198
8656.347656	-73.205727
8677.880859	-73.263077
8699.414062	-70.131599
8720.947266	-62.858532
8742.480469	-56.776825
8764.013672	-53.695309
8785.546875	-54.782867
8807.080078	-55.711189
8828.613281	-57.819958
8850.146484	-60.065063
8871.679688	-60.487106
8893.212891	-62.094601
8914.746094	-62.319645
8936.279297	-67.872719
8957.812500	-74.811188
8979.345703	-74.470314
9000.878906	-74.486954
9022.412109	-72.045326
9043.945312	-64.746185
9065.478516	-59.307980
9087.011719	-56.135124
9108.544922	-55.176815
9130.078125	-55.333740
9151.611328	-56.193352
9173.144531	-58.871719
9194.677734	-59.497955
9216.210938	-61.425110
9237.744141	-60.467827
9259.277344	-64.276566
9280.810547	-72.612701
9302.343750	-76.881439
9323.876953	-75.412392
9345.410156	-72.848587
9366.943359	-66.639427
9388.476562	-60.754414
9410.009766	-58.105087
9431.542969	-58.340748
9453.076172	-57.756554
9474.609375	-57.217884
9496.142578	-61.162483
9517.675781	-63.531563
9539.208984	-65.573120
9560.742188	-65.082939
9582.275391	-67.186188
9603.808594	-75.038940
9625.341797	-79.665962
9646.875000	-78.816513
9668.408203	-76.854973
9689.941406	-69.332039
9711.474609	-64.199493
9733.007812	-61.696629
9754.541016	-61.393654
9776.074219	-61.598923
9797.607422	-60.751068
9819.140625	-64.584656
9840.673828	-65.790298
9862.207031	-66.908195
9883.740234	-68.914894
9905.273438	-70.192497
9926.806641	-75.653976
9948.339844	-79.309669
9969.873047	-79.474838
9991.406250	-79.330338
10012.939453	-74.342133
10034.472656	-69.954865
10056.005859	-68.263260
10077.539062	-69.794228
10099.072266	-68.689270
10120.605469	-65.147003
10142.138672	-67.430130
10163.671875	-68.216568
10185.205078	-68.223099
10206.738281	-69.354683
10228.271484	-67.600769
10249.804688	-71.033081
10271.337891	-75.549820
10292.871094	-76.053673
10314.404297	-72.315186
10335.937500	-67.374588
10357.470703	-63.140602
10379.003906	-60.000500
10400.537109	-59.465836
10422.070312	-60.349434
10443.603516	-60.214462
10465.136719	-61.720257
10486.669922	-63.088547
10508.203125	-63.640598
10529.736328	-66.025162
10551.269531	-64.771690
10572.802734	-66.866486
10594.335938	-73.917641
10615.869141	-79.346771
10637.402344	-76.314636
10658.935547	-70.895554
10680.468750	-67.210793
10702.001953	-63.500858
10723.535156	-63.372890
10745.068359	-64.978905
10766.601562	-67.439232
10788.134766	-69.989792
10809.667969	-72.877357
10831.201172	-74.771133
10852.734375	-78.674759
10874.267578	-84.739746
10895.800781	-86.222000
10917.333984	-84.349236
10938.867188	-85.172195
10960.400391	-83.184578
10981.933594	-77.114693
11003.466797	-72.534042
11025.000000	-68.708786
11046.533203	-66.365875
11068.066406	-64.786369
11089.599609	-64.038094
11111.132812	-64.333076
11132.666016	-66.021935
11154.199219	-65.451614
11175.732422	-66.820351
11197.265625	-69.622154
11218.798828	-68.070374
11240.332031	-70.509926
11261.865234	-75.297897
11283.398438	-76.860748
11304.931641	-73.785522
11326.464844	-70.430595
11347.998047	-67.008026
11369.531250	-66.437141
11391.064453	-66.567192
11412.597656	-65.697685
11434.130859	-63.556847
11455.664062	-63.197536
11477.197266	-61.896156
11498.730469	-61.981262
11520.263672	-64.308716
11541.796875	-62.936047
11563.330078	-64.509544
11584.863281	-69.022675
11606.396484	-72.472717
11627.929688	-68.677795
11649.462891	-64.625946
11670.996094	-62.181236
11692.529297	-61.876652
11714.062500	-61.709213
11735.595703	-62.498013
11757.128906	-61.011242
11778.662109	-64.302605
11800.195312	-64.550545
11821.728516	-64.156448
11843.261719	-66.875587
11864.794922	-66.867462
11886.328125	-66.700150
11907.861328	-70.758278
11929.394531	-76.271927
11950.927734	-75.860649
11972.460938	-73.962379
11993.994141	-70.744766
12015.527344	-68.763313
12037.060547	-69.683830
12058.593750	-73.513916
12080.126953	-74.250679
12101.660156	-75.108871
12123.193359	-75.239761
12144.726562	-75.825874
12166.259766	-79.268761
12187.792969	-81.326912
12209.326172	-79.268364
12230.859375	-81.027405
12252.392578	-85.693390
12273.925781	-85.478928
12295.458984	-83.880905
12316.992188	-80.974937
12338.525391	-76.893806
12360.058594	-72.989944
12381.591797	-72.880562
12403.125000	-71.365410
12424.658203	-71.220863
12446.191406	-71.955872
12467.724609	-71.994370
12489.257812	-73.042961
12510.791016	-76.284103
12532.324219	-76.443031
12553.857422	-77.463760
12575.390625	-81.908890
12596.923828	-82.280533
12618.457031	-80.795853
12639.990234	-79.235435
12661.523438	-79.801018
12683.056641	-77.141777
12704.589844	-76.698494
12726.123047	-74.650116
12747.656250	-73.989677
12769.189453	-74.752281
12790.722656	-71.841515
12812.255859	-70.434937
12833.789062	-71.939987
12855.322266	-70.355110
12876.855469	-68.472115
12898.388672	-71.423157
12919.921875	-73.741837
12941.455078	-72.966698
12962.988281	-71.318329
12984.521484	-69.706123
13006.054688	-68.204514
13027.587891	-68.303795
13049.121094	-68.089661
13070.654297	-66.273209
13092.187500	-66.404755
13113.720703	-64.604126
13135.253906	-64.598923
13156.787109	-66.784210
13178.320312	-68.575668
13199.853516	-66.776756
13221.386719	-70.230606
13242.919922	-75.747734
13264.453125	-77.921608
13285.986328	-77.336304
13307.519531	-78.461464
13329.052734	-79.960724
13350.585938	-79.668159
13372.119141	-80.607117
13393.652344	-79.073479
13415.185547	-81.434998
13436.718750	-82.187660
13458.251953	-83.797127
13479.785156	-86.888313
13501.318359	-88.555786
13522.851562	-87.543259
13544.384766	-90.332214
13565.917969	-94.026382
13587.451172	-92.168289
13608.984375	-89.170570
13630.517578	-87.306572
13652.050781	-85.755325
13673.583984	-83.113846
13695.117188	-80.970924
13716.650391	-77.251030
13738.183594	-79.194237
13759.716797	-76.816437
13781.250000	-74.623985
13802.783203	-75.703644
13824.316406	-78.437752
13845.849609	-78.066833
13867.382812	-77.674850
13888.916016	-81.525490
13910.449219	-83.627716
13931.982422	-83.285370
13953.515625	-83.517273
13975.048828	-83.548775
13996.582031	-81.405426
14018.115234	-80.298424
14039.648438	-77.096321
14061.181641	-79.151855
14082.714844	-80.504173
14104.248047	-78.456177
14125.781250	-77.691833
14147.314453	-79.304588
14168.847656	-82.468025
14190.380859	-79.055878
14211.914062	-79.879326
14233.447266	-81.838150
14254.980469	-82.772064
14276.513672	-81.086502
14298.046875	-79.992638
14319.580078	-79.200546
14341.113281	-78.542038
14362.646484	-75.631584
14384.179688	-77.393135
14405.712891	-79.949188
14427.246094	-79.747444
14448.779297	-81.123589
14470.312500	-84.467232
14491.845703	-87.424538
14513.378906	-91.114922
14534.912109	-93.121674
14556.445312	-96.963890
14577.978516	-96.506165
14599.511719	-93.415222
14621.044922	-90.009102
14642.578125	-89.855316
14664.111328	-85.742332
14685.644531	-81.557304
14707.177734	-82.950653
14728.710938	-84.177902
14750.244141	-82.297340
14771.777344	-81.591278
14793.310547	-83.690590
14814.843750	-84.464439
14836.376953	-84.334900
14857.910156	-83.608864
14879.443359	-79.669670
14900.976562	-79.026489
14922.509766	-78.719894
14944.042969	-76.927429
14965.576172	-76.200790
14987.109375	-75.300827
15008.642578	-71.588387
15030.175781	-71.699478
15051.708984	-73.697472
15073.242188	-72.656883
15094.775391	-71.552330
15116.308594	-71.942024
15137.841797	-73.370575
15159.375000	-75.201248
15180.908203	-75.537529
15202.441406	-77.332191
15223.974609	-79.800461
15245.507812	-80.164360
15267.041016	-79.440491
15288.574219	-79.225754
15310.107422	-80.213402
15331.640625	-78.897148
15353.173828	-78.323410
15374.707031	-81.320602
15396.240234	-81.307823
15417.773438	-80.136597
15439.306641	-81.210983
15460.839844	-81.886261
15482.373047	-84.622688
15503.906250	-85.542183
15525.439453	-89.457748
15546.972656	-96.228561
15568.505859	-98.997017
15590.039062	-99.788116
15611.572266	-101.447784
15633.105469	-103.983803
15654.638672	-102.906441
15676.171875	-100.526703
15697.705078	-99.916496
15719.238281	-96.899483
15740.771484	-95.078659
15762.304688	-94.956802
15783.837891	-96.509979
15805.371094	-96.597610
15826.904297	-96.007568
15848.437500	-97.322914
15869.970703	-100.144363
15891.503906	-102.140366
15913.037109	-102.501389
15934.570312	-101.857590
15956.103516	-101.022575
15977.636719	-102.342918
15999.169922	-99.402985
16020.703125	-98.625252
16042.236328	-98.243965
16063.769531	-96.012306
16085.302734	-93.380028
16106.835938	-92.184174
16128.369141	-91.439407
16149.902344	-90.313309
16171.435547	-90.300117
16192.968750	-91.865707
16214.501953	-93.023987
16236.035156	-92.696060
16257.568359	-93.681618
16279.101562	-93.114426
16300.634766	-95.366623
16322.167969	-94.361374
16343.701172	-97.637161
16365.234375	-104.490685
16386.767578	-103.221756
16408.300781	-101.030670
16429.833984	-97.884315
16451.367188	-96.312386
16472.900391	-96.336281
16494.433594	-94.466423
16515.966797	-95.314072
16537.500000	-95.226021
16559.033203	-92.278618
16580.566406	-92.460068
16602.099609	-94.584396
16623.632812	-93.429970
16645.166016	-90.315720
16666.699219	-90.865738
16688.232422	-93.703072
16709.765625	-94.570213
16731.298828	-94.408440
16752.832031	-92.599594
16774.365234	-94.068726
16795.898438	-98.398331
16817.431641	-97.707169
16838.964844	-97.889557
16860.498047	-99.658905
16882.031250	-96.620872
16903.564453	-95.647202
16925.097656	-100.973793
16946.630859	-99.634300
16968.164062	-96.497818
16989.697266	-97.416069
17011.230469	-96.494698
17032.763672	-92.438675
17054.296875	-90.593781
17075.830078	-88.924057
17097.363281	-90.184189
17118.896484	-94.354088
17140.429688	-91.813126
17161.962891	-90.886368
17183.496094	-92.544235
17205.029297	-95.509315
17226.562500	-95.941963
17248.095703	-97.015335
17269.628906	-98.793709
17291.162109	-100.774292
17312.695312	-102.285461
17334.228516	-103.916351
17355.761719	-102.432449
17377.294922	-99.657997
17398.828125	-98.798721
17420.361328	-97.765930
17441.894531	-100.496391
17463.427734	-97.821983
17484.960938	-94.872589
17506.494141	-95.061241
17528.027344	-96.727745
17549.560547	-98.314575
17571.093750	-99.445869
17592.626953	-100.140350
17614.160156	-98.883369
17635.693359	-98.918945
17657.226562	-101.563477
17678.759766	-104.070671
17700.292969	-101.254448
17721.826172	-101.037476
17743.359375	-99.500053
17764.892578	-99.248810
17786.425781	-99.093903
17807.958984	-96.020271
17829.492188	-95.739388
17851.025391	-95.878754
17872.558594	-95.426689
17894.091797	-97.041191
17915.625000	-99.702644
17937.158203	-98.424690
17958.691406	-96.900352
17980.224609	-99.106102
18001.757812	-102.418930
18023.291016	-100.948997
18044.824219	-101.712860
18066.357422	-101.046059
18087.890625	-101.304077
18109.423828	-102.999100
18130.957031	-103.059929
18152.490234	-102.456932
18174.023438	-102.195862
18195.556641	-100.183884
18217.089844	-100.184227
18238.623047	-102.620537
18260.156250	-102.695435
18281.689453	-101.773376
18303.222656	-100.057144
18324.755859	-101.757050
18346.289062	-99.949020
18367.822266	-99.457443
18389.355469	-100.247894
18410.888672	-101.064743
18432.421875	-101.087257
18453.955078	-100.529793
18475.488281	-101.358452
18497.021484	-100.930687
18518.554688	-99.256546
18540.087891	-99.834702
18561.621094	-99.780365
18583.154297	-96.460403
18604.687500	-94.942276
18626.220703	-92.921402
18647.753906	-94.522476
18669.287109	-95.775101
18690.820312	-93.930237
18712.353516	-92.982277
18733.886719	-94.688850
18755.419922	-94.603401
18776.953125	-93.562012
18798.486328	-92.700089
18820.019531	-92.325699
18841.552734	-92.559570
18863.085938	-95.040169
18884.619141	-98.060211
18906.152344	-96.310356
18927.685547	-95.202499
18949.218750	-95.315338
18970.751953	-97.131676
18992.285156	-97.476051
19013.818359	-96.965851
19035.351562	-94.106735
19056.884766	-94.145927
19078.417969	-96.316765
19099.951172	-95.516243
19121.484375	-94.864189
19143.017578	-94.796104
19164.550781	-95.939232
19186.083984	-98.461899
19207.617188	-100.047607
19229.150391	-100.413345
19250.683594	-98.458054
19272.216797	-99.318192
19293.750000	-102.590012
19315.283203	-99.918816
19336.816406	-96.474136
19358.349609	-93.249443
19379.882812	-91.512794
19401.416016	-93.147011
19422.949219	-90.892128
19444.482422	-89.096016
19466.015625	-87.254982
19487.548828	-86.605896
19509.082031	-88.874825
19530.615234	-88.460571
19552.148438	-87.610428
19573.681641	-85.281258
19595.214844	-84.941895
19616.748047	-87.253349
19638.281250	-87.578300
19659.814453	-85.346382
19681.347656	-84.244850
19702.880859	-84.877251
19724.414062	-85.554565
19745.947266	-88.192062
19767.480469	-87.786163
19789.013672	-88.699524
19810.546875	-88.360924
19832.080078	-91.548515
19853.613281	-92.717773
19875.146484	-90.823891
19896.679688	-87.712700
19918.212891	-86.187256
19939.746094	-87.770966
19961.279297	-87.753166
19982.812500	-85.924492
20004.345703	-84.481201
20025.878906	-84.038704
20047.412109	-82.318840
20068.945312	-85.544327
20090.478516	-85.647079
20112.011719	-85.008789
20133.544922	-83.883789
20155.078125	-84.823135
20176.611328	-89.977219
20198.144531	-91.811859
20219.677734	-90.020905
20241.210938	-89.751472
20262.744141	-92.361778
20284.277344	-93.153282
20305.810547	-90.200714
20327.343750	-88.733597
20348.876953	-87.929031
20370.410156	-86.784492
20391.943359	-89.215385
20413.476562	-90.594521
20435.009766	-89.127174
20456.542969	-88.087479
20478.076172	-87.682167
20499.609375	-89.408432
20521.142578	-90.874908
20542.675781	-89.303101
20564.208984	-86.596046
20585.742188	-88.895676
20607.275391	-92.405190
20628.808594	-90.055771
20650.341797	-87.818100
20671.875000	-88.020752
20693.408203	-87.263542
20714.941406	-87.869461
20736.474609	-92.175186
20758.007812	-90.155090
20779.541016	-89.696800
20801.074219	-88.521385
20822.607422	-90.086624
20844.140625	-94.107841
20865.673828	-94.406326
20887.207031	-92.830574
20908.740234	-94.137024
20930.273438	-95.030289
20951.806641	-94.733826
20973.339844	-93.506813
20994.873047	-92.629631
21016.406250	-93.853790
21037.939453	-93.532593
21059.472656	-97.005005
21081.005859	-96.524940
21102.539062	-95.978401
21124.072266	-95.032990
21145.605469	-95.921684
21167.138672	-100.342796
21188.671875	-105.892670
21210.205078	-105.501930
21231.738281	-105.973969
21253.271484	-107.529648
21274.804688	-105.915710
21296.337891	-102.821800
21317.871094	-101.382355
21339.404297	-103.300919
21360.937500	-103.498642
21382.470703	-106.489929
21404.003906	-109.296700
21425.537109	-109.250648
21447.070312	-108.616226
21468.603516	-106.557732
21490.136719	-106.987183
21511.669922	-109.526413
21533.203125	-108.186966
21554.736328	-108.007812
21576.269531	-110.322723
21597.802734	-110.865662
21619.335938	-106.156731
21640.869141	-104.263710
21662.402344	-104.553940
21683.935547	-105.392647
21705.468750	-106.684120
21727.001953	-107.476334
21748.535156	-104.703285
21770.068359	-105.493080
21791.601562	-105.405594
21813.134766	-106.261620
21834.667969	-106.118248
21856.201172	-102.601669
21877.734375	-100.994232
21899.267578	-103.088852
21920.800781	-103.248878
21942.333984	-104.530266
21963.867188	-100.861481
21985.400391	-99.655785
22006.933594	-100.719872
22028.466797	-103.199371
