Frequency (Hz)	Level (dB)
21.533203	-61.291557
43.066406	-70.843529
64.599609	-72.564804
86.132812	-76.326607
107.666016	-82.666801
129.199219	-85.446068
150.732422	-83.703537
172.265625	-84.051575
193.798828	-89.848526
215.332031	-91.565414
236.865234	-89.934395
258.398438	-82.947235
279.931641	-72.275101
301.464844	-48.648102
322.998047	-39.833557
344.531250	-43.115166
366.064453	-63.818432
387.597656	-77.715157
409.130859	-84.830467
430.664062	-84.854950
452.197266	-83.953278
473.730469	-82.517082
495.263672	-82.659027
516.796875	-78.275536
538.330078	-77.143654
559.863281	-74.808006
581.396484	-70.895111
602.929688	-60.751137
624.462891	-40.536964
645.996094	-30.138245
667.529297	-31.665148
689.062500	-47.005604
710.595703	-63.581383
732.128906	-73.016647
753.662109	-78.900391
775.195312	-78.494766
796.728516	-77.709412
818.261719	-75.260895
839.794922	-73.017494
861.328125	-70.513069
882.861328	-66.012672
904.394531	-60.321983
925.927734	-50.295559
947.460938	-31.470078
968.994141	-18.925632
990.527344	-17.820095
1012.060547	-27.208385
1033.593750	-47.847824
1055.126953	-59.535183
1076.660156	-64.615341
1098.193359	-68.042969
1119.726562	-68.369934
1141.259766	-70.585892
1162.792969	-72.251854
1184.326172	-73.171852
1205.859375	-73.741966
1227.392578	-72.960709
1248.925781	-64.710747
1270.458984	-45.555195
1291.992188	-32.153595
1313.525391	-28.687426
1335.058594	-34.072342
1356.591797	-52.148777
1378.125000	-67.392448
1399.658203	-70.457397
1421.191406	-71.662827
1442.724609	-71.830765
1464.257812	-73.035286
1485.791016	-74.272270
1507.324219	-74.502449
1528.857422	-75.179413
1550.390625	-75.778870
1571.923828	-74.409790
1593.457031	-57.797218
1614.990234	-49.238335
1636.523438	-47.861427
1658.056641	-50.125675
1679.589844	-59.051952
1701.123047	-74.730927
1722.656250	-76.435181
1744.189453	-78.661041
1765.722656	-73.587471
1787.255859	-71.115860
1808.789062	-70.955658
1830.322266	-68.810951
1851.855469	-65.408066
1873.388672	-61.975243
1894.921875	-56.880619
1916.455078	-41.085255
1937.988281	-27.812737
1959.521484	-22.465361
1981.054688	-24.889034
2002.587891	-35.383289
2024.121094	-53.456863
2045.654297	-67.199005
2067.187500	-68.865204
2088.720703	-70.928741
2110.253906	-72.844467
2131.787109	-77.290123
2153.320312	-78.496742
2174.853516	-82.579346
2196.386719	-84.529770
2217.919922	-77.632568
2239.453125	-59.897594
2260.986328	-48.802250
2282.519531	-44.847713
2304.052734	-45.436394
2325.585938	-52.123409
2347.119141	-69.357147
2368.652344	-80.638847
2390.185547	-82.756874
2411.718750	-82.492577
2433.251953	-82.709091
2454.785156	-83.705360
2476.318359	-82.528122
2497.851562	-82.692268
2519.384766	-82.797783
2540.917969	-80.534607
2562.451172	-68.236656
2583.984375	-56.786354
2605.517578	-54.028671
2627.050781	-53.335007
2648.583984	-57.310463
2670.117188	-67.940208
2691.650391	-79.888931
2713.183594	-82.566833
2734.716797	-82.149704
2756.250000	-82.289185
2777.783203	-81.752228
2799.316406	-81.754913
2820.849609	-80.207199
2842.382812	-79.160774
2863.916016	-75.145370
2885.449219	-60.255505
2906.982422	-48.163139
2928.515625	-41.934166
2950.048828	-40.067753
2971.582031	-44.016659
2993.115234	-52.294544
3014.648438	-67.043228
3036.181641	-73.325096
3057.714844	-74.434113
3079.248047	-73.993484
3100.781250	-71.750237
3122.314453	-69.947754
3143.847656	-67.716980
3165.380859	-67.288788
3186.914062	-61.945255
3208.447266	-47.229019
3229.980469	-34.204792
3251.513672	-28.897034
3273.046875	-26.418552
3294.580078	-28.277060
3316.113281	-33.955757
3337.646484	-47.295162
3359.179688	-58.563961
3380.712891	-62.134659
3402.246094	-63.585556
3423.779297	-64.094795
3445.312500	-65.229027
3466.845703	-65.892960
3488.378906	-68.022552
3509.912109	-67.837921
3531.445312	-56.164902
3552.978516	-45.359436
3574.511719	-41.981220
3596.044922	-40.222866
3617.578125	-41.907963
3639.111328	-47.338413
3660.644531	-57.508938
3682.177734	-66.629211
3703.710938	-70.948769
3725.244141	-70.634659
3746.777344	-72.598183
3768.310547	-72.915733
3789.843750	-71.998222
3811.376953	-69.965195
3832.910156	-68.143822
3854.443359	-53.146652
3875.976562	-40.268692
3897.509766	-35.614395
3919.042969	-31.283354
3940.576172	-31.332190
3962.109375	-34.329891
3983.642578	-41.013744
4005.175781	-56.760429
4026.708984	-62.864601
4048.242188	-61.105938
4069.775391	-62.217449
4091.308594	-62.793415
4112.841797	-64.328499
4134.375000	-63.149117
4155.908203	-63.207542
4177.441406	-57.626457
4198.974609	-47.375496
4220.507812	-44.055367
4242.041016	-41.414684
4263.574219	-41.121788
4285.107422	-45.050854
4306.640625	-52.580975
4328.173828	-64.116989
4349.707031	-72.642967
4371.240234	-74.408417
4392.773438	-74.557274
4414.306641	-73.201355
4435.839844	-72.597931
4457.373047	-71.427856
4478.906250	-70.836571
4500.439453	-64.880753
4521.972656	-52.157928
4543.505859	-50.300331
4565.039062	-56.477428
4586.572266	-57.100708
4608.105469	-59.039696
4629.638672	-59.435860
4651.171875	-61.388626
4672.705078	-69.273430
4694.238281	-74.734436
4715.771484	-74.775917
4737.304688	-75.658203
4758.837891	-74.610855
4780.371094	-74.624344
4801.904297	-73.626228
4823.437500	-64.775368
4844.970703	-50.853043
4866.503906	-46.508606
4888.037109	-45.349331
4909.570312	-44.723904
4931.103516	-47.450993
4952.636719	-49.879211
4974.169922	-54.096573
4995.703125	-64.655334
5017.236328	-73.877869
5038.769531	-76.187454
5060.302734	-77.614082
5081.835938	-77.605476
5103.369141	-75.649155
5124.902344	-74.171227
5146.435547	-65.581017
5167.968750	-53.175144
5189.501953	-49.645378
5211.035156	-49.363468
5232.568359	-47.476227
5254.101562	-48.591343
5275.634766	-50.257839
5297.167969	-53.619450
5318.701172	-63.233952
5340.234375	-73.556404
5361.767578	-75.612740
5383.300781	-75.523048
5404.833984	-73.826920
5426.367188	-74.665703
5447.900391	-74.727722
5469.433594	-70.210770
5490.966797	-56.547722
5512.500000	-52.701572
5534.033203	-53.870686
5555.566406	-52.258381
5577.099609	-52.207668
5598.632812	-54.075447
5620.166016	-56.262791
5641.699219	-63.036587
5663.232422	-76.052544
5684.765625	-77.146957
5706.298828	-81.446205
5727.832031	-81.159523
5749.365234	-80.730103
5770.898438	-78.629326
5792.431641	-70.626968
5813.964844	-58.883400
5835.498047	-55.348000
5857.031250	-55.819565
5878.564453	-51.620174
5900.097656	-50.823910
5921.630859	-54.499184
5943.164062	-55.673878
5964.697266	-60.440281
5986.230469	-70.782661
6007.763672	-72.829544
6029.296875	-74.334412
6050.830078	-75.723305
6072.363281	-75.886093
6093.896484	-76.432518
6115.429688	-73.190254
6136.962891	-61.996422
6158.496094	-57.786663
6180.029297	-59.945980
6201.562500	-61.001732
6223.095703	-59.783550
6244.628906	-61.373138
6266.162109	-62.568130
6287.695312	-64.567451
6309.228516	-72.345673
6330.761719	-80.815666
6352.294922	-80.945511
6373.828125	-81.097305
6395.361328	-81.184074
6416.894531	-81.539070
6438.427734	-75.980042
6459.960938	-64.916847
6481.494141	-60.686840
6503.027344	-61.108414
6524.560547	-60.533070
6546.093750	-59.374901
6567.626953	-59.222565
6589.160156	-59.747257
6610.693359	-62.788845
6632.226562	-69.040512
6653.759766	-78.950508
6675.292969	-80.919281
6696.826172	-80.466377
6718.359375	-78.930954
6739.892578	-78.502029
6761.425781	-77.976532
6782.958984	-67.360558
6804.492188	-61.815331
6826.025391	-61.342472
6847.558594	-58.440975
6869.091797	-56.499191
6890.625000	-57.920475
6912.158203	-61.953564
6933.691406	-63.537273
6955.224609	-65.835136
6976.757812	-73.044930
6998.291016	-79.251747
7019.824219	-79.906479
7041.357422	-79.658821
7062.890625	-82.147995
7084.423828	-80.565041
7105.957031	-69.627480
7127.490234	-64.847618
7149.023438	-65.471596
7170.556641	-64.035461
7192.089844	-63.193798
7213.623047	-65.407494
7235.156250	-70.722084
7256.689453	-71.195824
7278.222656	-70.500977
7299.755859	-75.544373
7321.289062	-78.670357
7342.822266	-78.828636
7364.355469	-78.385597
7385.888672	-78.859604
7407.421875	-74.053391
7428.955078	-62.692528
7450.488281	-58.060333
7472.021484	-60.565567
7493.554688	-61.891129
7515.087891	-59.757938
7536.621094	-59.922585
7558.154297	-64.904404
7579.687500	-68.135834
7601.220703	-67.596405
7622.753906	-71.973465
7644.287109	-80.732719
7665.820312	-82.555519
7687.353516	-81.528206
7708.886719	-78.743187
7730.419922	-75.735641
7751.953125	-65.728867
7773.486328	-59.542480
7795.019531	-60.676571
7816.552734	-61.141304
7838.085938	-60.225594
7859.619141	-59.861885
7881.152344	-61.932590
7902.685547	-63.553471
7924.218750	-66.488930
7945.751953	-68.572037
7967.285156	-75.769913
7988.818359	-83.320183
8010.351562	-83.390404
8031.884766	-84.232552
8053.417969	-82.129570
8074.951172	-73.597321
8096.484375	-67.934357
8118.017578	-69.205383
8139.550781	-68.385429
8161.083984	-64.751709
8182.617188	-63.416134
8204.150391	-65.806969
8225.683594	-68.972801
8247.216797	-70.471214
8268.750000	-70.808029
8290.283203	-75.170883
8311.816406	-82.502487
8333.349609	-83.796600
8354.882812	-86.232979
8376.416016	-86.697205
8397.949219	-76.137482
8419.482422	-69.349991
8441.015625	-71.477280
8462.548828	-71.684258
8484.082031	-64.158752
8505.615234	-60.156525
8527.148438	-61.371754
8548.681641	-63.975876
8570.214844	-63.366642
8591.748047	-63.499874
8613.281250	-66.053085
8634.814453	-73.773460
8656.347656	-78.936890
8677.880859	-79.134583
8699.414062	-76.273392
8720.947266	-65.326561
8742.480469	-59.329044
8764.013672	-60.033268
8785.546875	-61.596992
8807.080078	-59.553265
8828.613281	-57.536934
8850.146484	-57.805386
8871.679688	-61.746700
8893.212891	-61.192650
8914.746094	-62.173935
8936.279297	-62.791744
8957.812500	-68.171234
8979.345703	-75.391472
9000.878906	-78.176392
9022.412109	-74.514282
9043.945312	-63.142467
9065.478516	-55.325642
9087.011719	-55.424320
9108.544922	-57.921455
9130.078125	-56.138512
9151.611328	-53.624889
9173.144531	-52.437622
9194.677734	-56.593647
9216.210938	-57.824871
9237.744141	-58.918659
9259.277344	-58.937096
9280.810547	-62.557560
9302.343750	-69.160538
9323.876953	-73.765152
9345.410156	-72.376762
9366.943359	-63.238319
9388.476562	-55.765926
9410.009766	-55.536999
9431.542969	-57.903248
9453.076172	-56.715103
9474.609375	-55.130173
9496.142578	-54.651875
9517.675781	-57.716518
9539.208984	-61.570210
9560.742188	-62.544273
9582.275391	-64.321686
9603.808594	-66.731651
9625.341797	-72.843010
9646.875000	-77.204498
9668.408203	-76.710434
9689.941406	-69.710075
9711.474609	-64.512817
9733.007812	-65.087059
9754.541016	-65.637169
9776.074219	-62.847610
9797.607422	-60.382725
9819.140625	-60.470776
9840.673828	-62.775200
9862.207031	-65.944969
9883.740234	-66.037422
9905.273438	-70.420059
9926.806641	-73.458237
9948.339844	-77.319603
9969.873047	-80.402252
9991.406250	-78.205696
10012.939453	-72.645317
10034.472656	-64.336044
10056.005859	-62.523422
10077.539062	-62.865597
10099.072266	-60.531307
10120.605469	-58.167435
10142.138672	-55.586777
10163.671875	-56.056435
10185.205078	-61.007698
10206.738281	-60.641312
10228.271484	-62.524517
10249.804688	-63.761818
10271.337891	-68.063545
10292.871094	-76.515373
10314.404297	-77.633423
10335.937500	-69.383774
10357.470703	-62.747753
10379.003906	-61.037746
10400.537109	-59.725700
10422.070312	-55.919933
10443.603516	-53.023811
10465.136719	-51.815365
10486.669922	-51.816792
10508.203125	-57.406727
10529.736328	-60.056900
10551.269531	-61.977104
10572.802734	-63.693466
10594.335938	-66.081406
10615.869141	-72.105103
10637.402344	-77.975380
10658.935547	-68.415558
10680.468750	-62.741772
10702.001953	-63.291279
10723.535156	-65.163307
10745.068359	-62.419426
10766.601562	-59.591431
10788.134766	-59.994431
10809.667969	-61.866608
10831.201172	-67.620262
10852.734375	-74.094002
10874.267578	-74.942192
10895.800781	-80.003036
10917.333984	-84.845482
10938.867188	-90.503616
10960.400391	-90.300484
10981.933594	-84.093040
11003.466797	-77.265869
11025.000000	-74.083649
11046.533203	-73.191261
11068.066406	-70.400673
11089.599609	-68.124664
11111.132812	-67.256248
11132.666016	-65.785370
11154.199219	-68.663742
11175.732422	-74.006874
11197.265625	-72.707100
11218.798828	-73.467812
11240.332031	-72.127762
11261.865234	-74.502647
11283.398438	-77.811821
11304.931641	-71.365868
11326.464844	-64.824394
11347.998047	-63.499298
11369.531250	-65.815323
11391.064453	-64.279022
11412.597656	-62.465607
11434.130859	-61.083355
11455.664062	-60.552639
11477.197266	-61.910637
11498.730469	-66.280373
11520.263672	-65.680565
11541.796875	-67.623383
11563.330078	-69.030205
11584.863281	-70.336205
11606.396484	-73.227997
11627.929688	-66.684212
11649.462891	-60.143036
11670.996094	-58.937984
11692.529297	-62.548347
11714.062500	-62.921547
11735.595703	-62.140274
11757.128906	-60.430901
11778.662109	-60.803719
11800.195312	-61.590855
11821.728516	-66.320335
11843.261719	-65.226433
11864.794922	-65.514656
11886.328125	-69.184464
11907.861328	-69.334862
11929.394531	-71.522842
11950.927734	-67.944695
11972.460938	-61.148537
11993.994141	-59.679504
12015.527344	-63.660732
12037.060547	-67.296608
12058.593750	-66.914574
12080.126953	-63.986183
12101.660156	-63.399231
12123.193359	-62.325691
12144.726562	-66.590660
12166.259766	-68.165779
12187.792969	-67.445602
12209.326172	-69.972694
12230.859375	-70.112747
12252.392578	-71.388199
12273.925781	-70.188309
12295.458984	-63.352905
12316.992188	-61.523876
12338.525391	-64.827400
12360.058594	-66.294701
12381.591797	-66.104889
12403.125000	-64.085327
12424.658203	-64.787903
12446.191406	-64.510223
12467.724609	-67.956970
12489.257812	-72.138008
12510.791016	-72.218285
12532.324219	-74.025574
12553.857422	-73.941566
12575.390625	-74.279099
12596.923828	-74.079666
12618.457031	-67.706093
12639.990234	-65.242714
12661.523438	-68.043945
12683.056641	-69.312889
12704.589844	-67.923828
12726.123047	-64.801620
12747.656250	-64.680466
12769.189453	-64.495766
12790.722656	-66.701180
12812.255859	-72.870949
12833.789062	-72.846283
12855.322266	-74.234421
12876.855469	-74.859459
12898.388672	-74.454399
12919.921875	-76.019829
12941.455078	-70.006332
12962.988281	-67.886803
12984.521484	-70.931259
13006.054688	-74.904015
13027.587891	-75.861610
13049.121094	-74.819664
13070.654297	-75.355415
13092.187500	-76.660347
13113.720703	-77.284233
13135.253906	-80.737373
13156.787109	-80.701363
13178.320312	-80.744263
13199.853516	-81.474060
13221.386719	-80.268341
13242.919922	-80.679062
13264.453125	-78.884377
13285.986328	-76.338501
13307.519531	-79.773956
13329.052734	-84.019073
13350.585938	-86.793083
13372.119141	-88.096146
13393.652344	-87.718384
13415.185547	-85.642982
13436.718750	-84.461533
13458.251953	-87.356018
13479.785156	-88.780655
13501.318359	-86.865257
13522.851562	-84.986488
13544.384766	-82.651268
13565.917969	-80.120590
13587.451172	-76.095154
13608.984375	-73.583809
13630.517578	-76.075554
13652.050781	-80.577927
13673.583984	-82.118286
13695.117188	-83.992050
13716.650391	-82.646088
13738.183594	-82.250343
13759.716797	-81.622650
13781.250000	-84.077560
13802.783203	-86.958931
13824.316406	-84.389030
13845.849609	-82.229401
13867.382812	-81.239944
13888.916016	-79.057823
13910.449219	-76.675278
13931.982422	-74.003937
13953.515625	-76.268562
13975.048828	-80.400772
13996.582031	-81.632286
14018.115234	-83.030289
14039.648438	-82.856094
14061.181641	-82.644928
14082.714844	-83.162949
14104.248047	-84.776337
14125.781250	-86.606308
14147.314453	-86.629967
14168.847656	-85.148445
14190.380859	-85.179733
14211.914062	-84.216515
14233.447266	-81.115112
14254.980469	-78.081863
14276.513672	-80.052177
14298.046875	-82.856796
14319.580078	-82.847755
14341.113281	-84.123955
14362.646484	-83.722893
14384.179688	-84.686096
14405.712891	-85.479942
14427.246094	-86.308449
14448.779297	-88.423241
14470.312500	-90.724480
14491.845703	-89.063179
14513.378906	-89.231560
14534.912109	-86.694908
14556.445312	-84.205132
14577.978516	-88.234283
14599.511719	-90.041679
14621.044922	-86.264084
14642.578125	-83.939102
14664.111328	-85.029366
14685.644531	-83.398781
14707.177734	-83.504898
14728.710938	-86.243759
14750.244141	-86.457581
14771.777344	-87.342293
14793.310547	-88.057907
14814.843750	-89.018379
14836.376953	-91.003647
14857.910156	-89.890739
14879.443359	-85.913300
14900.976562	-84.652901
14922.509766	-84.671684
14944.042969	-84.235336
14965.576172	-82.782692
14987.109375	-83.851921
15008.642578	-82.949837
15030.175781	-81.547783
15051.708984	-83.353836
15073.242188	-84.196915
15094.775391	-85.484558
15116.308594	-87.849106
15137.841797	-88.011299
15159.375000	-89.841156
15180.908203	-90.448761
15202.441406	-87.443245
15223.974609	-85.824051
15245.507812	-87.372391
15267.041016	-89.837906
15288.574219	-90.398819
15310.107422	-92.943581
15331.640625	-95.327751
15353.173828	-96.225227
15374.707031	-97.711906
15396.240234	-93.554138
15417.773438	-94.618706
15439.306641	-100.480591
15460.839844	-100.708153
15482.373047	-99.411507
15503.906250	-97.951958
15525.439453	-95.221512
15546.972656	-91.731979
15568.505859	-91.528030
15590.039062	-94.227371
15611.572266	-92.989891
15633.105469	-93.364220
15654.638672	-95.517868
15676.171875	-94.444824
15697.705078	-95.129669
15719.238281	-93.650513
15740.771484	-91.669426
15762.304688	-93.169479
15783.837891	-93.946922
15805.371094	-93.903503
15826.904297	-92.154327
15848.437500	-91.395805
15869.970703	-88.022560
15891.503906	-87.929245
15913.037109	-88.790489
15934.570312	-86.499649
15956.103516	-85.318069
15977.636719	-86.025856
15999.169922	-84.576622
16020.703125	-87.384346
16042.236328	-89.984657
16063.769531	-90.145203
16085.302734	-91.913582
16106.835938	-93.458832
16128.369141	-94.565758
16149.902344	-93.809525
16171.435547	-94.595154
16192.968750	-94.093369
16214.501953	-95.130066
16236.035156	-97.220016
16257.568359	-94.490570
16279.101562	-92.676384
16300.634766	-93.809387
16322.167969	-91.704201
16343.701172	-92.751556
16365.234375	-94.025063
16386.767578	-96.014252
16408.300781	-97.686447
16429.833984	-96.707016
16451.367188	-98.168159
16472.900391	-98.166771
16494.433594	-94.340103
16515.966797	-91.975639
16537.500000	-93.101074
16559.033203	-98.200676
16580.566406	-100.713303
16602.099609	-104.294266
16623.632812	-105.665939
16645.166016	-105.728561
16666.699219	-105.301529
16688.232422	-102.777008
16709.765625	-98.426041
16731.298828	-99.689499
16752.832031	-103.871849
16774.365234	-104.125694
16795.898438	-102.764809
16817.431641	-102.939178
16838.964844	-101.189674
16860.498047	-99.570038
16882.031250	-100.249405
16903.564453	-98.752686
16925.097656	-99.656624
16946.630859	-100.280144
16968.164062	-98.816315
16989.697266	-97.026283
17011.230469	-96.155251
17032.763672	-96.013245
17054.296875	-97.582603
17075.830078	-99.413620
17097.363281	-99.308189
17118.896484	-99.063881
17140.429688	-99.993149
17161.962891	-103.055328
17183.496094	-104.788666
17205.029297	-107.461098
17226.562500	-103.392975
17248.095703	-101.842102
17269.628906	-101.036591
17291.162109	-98.509583
17312.695312	-96.354721
17334.228516	-94.898560
17355.761719	-93.249695
17377.294922	-92.485603
17398.828125	-94.560616
17420.361328	-94.230286
17441.894531	-92.758606
17463.427734	-92.611374
17484.960938	-91.629982
17506.494141	-89.822411
17528.027344	-92.042641
17549.560547	-93.700119
17571.093750	-94.555901
17592.626953	-97.819672
17614.160156	-97.943314
17635.693359	-95.705605
17657.226562	-96.770607
17678.759766	-97.283073
17700.292969	-98.410355
17721.826172	-99.005302
17743.359375	-99.367134
17764.892578	-99.916229
17786.425781	-97.758667
17807.958984	-96.153992
17829.492188	-92.726624
17851.025391	-93.409660
17872.558594	-94.328583
17894.091797	-94.554649
17915.625000	-96.217415
17937.158203	-96.075600
17958.691406	-95.155777
17980.224609	-95.990372
18001.757812	-95.600243
18023.291016	-96.538940
18044.824219	-98.443932
18066.357422	-98.125816
18087.890625	-96.471176
18109.423828	-95.368050
18130.957031	-92.798042
18152.490234	-90.109489
18174.023438	-92.753204
18195.556641	-94.634277
18217.089844	-95.504318
18238.623047	-96.797043
18260.156250	-97.286316
18281.689453	-97.503525
18303.222656	-96.860779
18324.755859	-95.473640
18346.289062	-94.530319
18367.822266	-95.654289
18389.355469	-96.214073
18410.888672	-95.037949
18432.421875	-93.948898
18453.955078	-93.084091
18475.488281	-90.635323
18497.021484	-92.047173
18518.554688	-93.982185
18540.087891	-94.666138
18561.621094	-95.370171
18583.154297	-94.912201
18604.687500	-94.246758
18626.220703	-95.137016
18647.753906	-94.580872
18669.287109	-94.601501
18690.820312	-93.395905
18712.353516	-91.973152
18733.886719	-90.664589
18755.419922	-90.281883
18776.953125	-89.633232
18798.486328	-89.717148
18820.019531	-89.024933
18841.552734	-88.472633
18863.085938	-90.202698
18884.619141	-91.663368
18906.152344	-91.763725
18927.685547	-90.603798
18949.218750	-92.110184
18970.751953	-92.548386
18992.285156	-92.048729
19013.818359	-90.770752
19035.351562	-90.824875
19056.884766	-90.058357
19078.417969	-90.244621
19099.951172	-89.308105
19121.484375	-91.247177
19143.017578	-91.947609
19164.550781	-91.415512
19186.083984	-91.338127
19207.617188	-93.302544
19229.150391	-95.315460
19250.683594	-94.404457
19272.216797	-94.151070
19293.750000	-95.225060
19315.283203	-95.516731
19336.816406	-95.467033
19358.349609	-96.539459
19379.882812	-98.234947
19401.416016	-99.414627
19422.949219	-99.386520
19444.482422	-100.867378
19466.015625	-102.772827
19487.548828	-103.782738
19509.082031	-101.974358
19530.615234	-103.141373
19552.148438	-104.042480
19573.681641	-102.284882
19595.214844	-100.481079
19616.748047	-101.345367
19638.281250	-99.711746
19659.814453	-98.695213
19681.347656	-102.231194
19702.880859	-102.121986
19724.414062	-101.416809
19745.947266	-98.956024
19767.480469	-97.121735
19789.013672	-97.034012
19810.546875	-96.370293
19832.080078	-93.741577
19853.613281	-93.332558
19875.146484	-93.366714
19896.679688	-92.680603
19918.212891	-92.713219
19939.746094	-93.142845
19961.279297	-91.544922
19982.812500	-88.989098
20004.345703	-89.956429
20025.878906	-92.510643
20047.412109	-91.228722
20068.945312	-90.387474
20090.478516	-88.207855
20112.011719	-88.680870
20133.544922	-90.734589
20155.078125	-87.704971
20176.611328	-86.297485
20198.144531	-88.197845
20219.677734	-88.790054
20241.210938	-89.994217
20262.744141	-88.366066
20284.277344	-87.159744
20305.810547	-86.846771
20327.343750	-87.197937
20348.876953	-90.326317
20370.410156	-89.997780
20391.943359	-87.803123
20413.476562	-86.822205
20435.009766	-87.334816
20456.542969	-90.491600
20478.076172	-88.506065
20499.609375	-87.890404
20521.142578	-89.607780
20542.675781	-89.400658
20564.208984	-88.550583
20585.742188	-91.173660
20607.275391	-93.866058
20628.808594	-92.846901
20650.341797	-92.773392
20671.875000	-97.233971
20693.408203	-95.124176
20714.941406	-91.747780
20736.474609	-91.333824
20758.007812	-92.294312
20779.541016	-96.704994
20801.074219	-97.081093
20822.607422	-97.228676
20844.140625	-99.767509
20865.673828	-100.495247
20887.207031	-99.971214
20908.740234	-102.037209
20930.273438	-103.447151
20951.806641	-103.460106
20973.339844	-102.316696
20994.873047	-104.482376
21016.406250	-102.452026
21037.939453	-99.840141
21059.472656	-101.390831
21081.005859	-103.061447
21102.539062	-105.018768
21124.072266	-105.899979
21145.605469	-105.451820
21167.138672	-105.911407
21188.671875	-107.374878
21210.205078	-108.696487
21231.738281	-109.469711
21253.271484	-109.799034
21274.804688	-108.035477
21296.337891	-106.176704
21317.871094	-106.422745
21339.404297	-107.107231
21360.937500	-106.208061
21382.470703	-107.700935
21404.003906	-108.425949
21425.537109	-108.794800
21447.070312	-107.071442
21468.603516	-104.817390
21490.136719	-103.352341
21511.669922	-102.671021
21533.203125	-102.356773
21554.736328	-103.652611
21576.269531	-104.311104
21597.802734	-104.138329
21619.335938	-102.980072
21640.869141	-104.947914
21662.402344	-108.409050
21683.935547	-108.867256
21705.468750	-111.091385
21727.001953	-110.809402
21748.535156	-109.649345
21770.068359	-109.447647
21791.601562	-109.207771
21813.134766	-111.013786
21834.667969	-111.794655
21856.201172	-110.074051
21877.734375	-110.057053
21899.267578	-111.347214
21920.800781	-112.487808
21942.333984	-109.165039
21963.867188	-108.495377
21985.400391	-109.105049
22006.933594	-109.247131
22028.466797	-109.851547
