Frequency (Hz)	Level (dB)
21.533203	-65.914619
43.066406	-77.330673
64.599609	-84.672760
86.132812	-85.855957
107.666016	-87.979912
129.199219	-93.100662
150.732422	-88.627541
172.265625	-86.896393
193.798828	-84.801704
215.332031	-83.543144
236.865234	-78.463715
258.398438	-71.810028
279.931641	-61.636677
301.464844	-42.888100
322.998047	-31.086428
344.531250	-32.267387
366.064453	-48.006504
387.597656	-62.862064
409.130859	-68.072807
430.664062	-65.713760
452.197266	-67.686584
473.730469	-72.050529
495.263672	-73.543060
516.796875	-73.916367
538.330078	-72.260857
559.863281	-70.099525
581.396484	-69.977127
602.929688	-69.269272
624.462891	-52.756199
645.996094	-36.979366
667.529297	-34.456165
689.062500	-43.564735
710.595703	-65.911377
732.128906	-76.993515
753.662109	-84.014473
775.195312	-88.243027
796.728516	-86.431709
818.261719	-86.580719
839.794922	-86.690315
861.328125	-82.782425
882.861328	-78.610062
904.394531	-77.510399
925.927734	-72.424179
947.460938	-59.734882
968.994141	-40.555672
990.527344	-33.519226
1012.060547	-36.917469
1033.593750	-53.553185
1055.126953	-67.668823
1076.660156	-72.746651
1098.193359	-71.736610
1119.726562	-67.732086
1141.259766	-66.919472
1162.792969	-64.118881
1184.326172	-65.338173
1205.859375	-65.269241
1227.392578	-64.589645
1248.925781	-62.295475
1270.458984	-60.431660
1291.992188	-49.568470
1313.525391	-42.600288
1335.058594	-43.565632
1356.591797	-55.081615
1378.125000	-69.315506
1399.658203	-76.820602
1421.191406	-78.284912
1442.724609	-80.482071
1464.257812	-78.815834
1485.791016	-80.132553
1507.324219	-81.198494
1528.857422	-83.445480
1550.390625	-86.646103
1571.923828	-89.768318
1593.457031	-92.111092
1614.990234	-78.386917
1636.523438	-66.391693
1658.056641	-62.583443
1679.589844	-67.703331
1701.123047	-84.960625
1722.656250	-93.016098
1744.189453	-92.118629
1765.722656	-93.298294
1787.255859	-93.161896
1808.789062	-94.182777
1830.322266	-97.468925
1851.855469	-100.832771
1873.388672	-99.453362
1894.921875	-101.017853
1916.455078	-100.511597
1937.988281	-89.516548
1959.521484	-77.841240
1981.054688	-71.452026
2002.587891	-72.592102
2024.121094	-82.032013
2045.654297	-94.345879
2067.187500	-100.707253
2088.720703	-100.023903
2110.253906	-97.332314
2131.787109	-98.457916
2153.320312	-93.043053
2174.853516	-95.599220
2196.386719	-96.148735
2217.919922	-97.253777
2239.453125	-98.637939
2260.986328	-101.820282
2282.519531	-88.626091
2304.052734	-81.882935
2325.585938	-78.382492
2347.119141	-80.513283
2368.652344	-92.218430
2390.185547	-101.294289
2411.718750	-98.833351
2433.251953	-99.161774
2454.785156	-96.036278
2476.318359	-94.271866
2497.851562	-90.966835
2519.384766	-90.221970
2540.917969	-90.424690
2562.451172	-90.183601
2583.984375	-85.305656
2605.517578	-73.010574
2627.050781	-64.804207
2648.583984	-60.886169
2670.117188	-62.785618
2691.650391	-71.344818
2713.183594	-81.284882
2734.716797	-83.089088
2756.250000	-85.481422
2777.783203	-87.122681
2799.316406	-86.221260
2820.849609	-81.277260
2842.382812	-81.714378
2863.916016	-85.498817
2885.449219	-89.604523
2906.982422	-88.041977
2928.515625	-80.569954
2950.048828	-72.970581
2971.582031	-69.575302
2993.115234	-68.878922
3014.648438	-74.212143
3036.181641	-87.491508
3057.714844	-93.104797
3079.248047	-95.508621
3100.781250	-90.333206
3122.314453	-85.590637
3143.847656	-80.620461
3165.380859	-79.473991
3186.914062	-80.954750
3208.447266	-82.589478
3229.980469	-86.669762
3251.513672	-80.287079
3273.046875	-71.049980
3294.580078	-67.459686
3316.113281	-68.435150
3337.646484	-72.808998
3359.179688	-81.400833
3380.712891	-89.597321
3402.246094	-89.041367
3423.779297	-90.773315
3445.312500	-93.985313
3466.845703	-92.998459
3488.378906	-94.613197
3509.912109	-96.335541
3531.445312	-97.223320
3552.978516	-97.264801
3574.511719	-94.999336
3596.044922	-85.252892
3617.578125	-78.182922
3639.111328	-73.489380
3660.644531	-73.224808
3682.177734	-79.121727
3703.710938	-86.994370
3725.244141	-86.190353
3746.777344	-87.793175
3768.310547	-90.547073
3789.843750	-87.587845
3811.376953	-86.058334
3832.910156	-86.327026
3854.443359	-87.160950
3875.976562	-88.577019
3897.509766	-85.284035
3919.042969	-74.713638
3940.576172	-67.128716
3962.109375	-64.490356
3983.642578	-60.812038
4005.175781	-61.671379
4026.708984	-70.201805
4048.242188	-80.809868
4069.775391	-85.826302
4091.308594	-86.623886
4112.841797	-83.941162
4134.375000	-82.820450
4155.908203	-82.584007
4177.441406	-83.515396
4198.974609	-85.223793
4220.507812	-86.902008
4242.041016	-79.055206
4263.574219	-69.553085
4285.107422	-66.536255
4306.640625	-66.576393
4328.173828	-69.809647
4349.707031	-77.083786
4371.240234	-88.319481
4392.773438	-96.269821
4414.306641	-99.406448
4435.839844	-102.447083
4457.373047	-99.918480
4478.906250	-99.194160
4500.439453	-97.155914
4521.972656	-99.534027
4543.505859	-99.604179
4565.039062	-93.093948
4586.572266	-85.782455
4608.105469	-81.208160
4629.638672	-77.628174
4651.171875	-75.342995
4672.705078	-77.307953
4694.238281	-83.038254
4715.771484	-89.359261
4737.304688	-93.139786
4758.837891	-93.993546
4780.371094	-89.329399
4801.904297	-86.967728
4823.437500	-87.695854
4844.970703	-88.358925
4866.503906	-89.248627
4888.037109	-86.271065
4909.570312	-79.682671
4931.103516	-76.382980
4952.636719	-79.034698
4974.169922	-79.954285
4995.703125	-77.300430
5017.236328	-78.903282
5038.769531	-77.863838
5060.302734	-79.227440
5081.835938	-78.869392
5103.369141	-76.381882
5124.902344	-76.980888
5146.435547	-77.010254
5167.968750	-77.052498
5189.501953	-78.916725
5211.035156	-82.634468
5232.568359	-84.862114
5254.101562	-79.761688
5275.634766	-74.433228
5297.167969	-70.488266
5318.701172	-70.726318
5340.234375	-74.093071
5361.767578	-80.030365
5383.300781	-86.224129
5404.833984	-89.078941
5426.367188	-88.460556
5447.900391	-85.064476
5469.433594	-84.723549
5490.966797	-84.139610
5512.500000	-85.713722
5534.033203	-87.811226
5555.566406	-90.284836
5577.099609	-90.908295
5598.632812	-85.759834
5620.166016	-81.383553
5641.699219	-80.281296
5663.232422	-80.922523
5684.765625	-83.054932
5706.298828	-86.036186
5727.832031	-87.712440
5749.365234	-87.725288
5770.898438	-83.349632
5792.431641	-81.205154
5813.964844	-82.431252
5835.498047	-79.924110
5857.031250	-81.945877
5878.564453	-84.502533
5900.097656	-81.743233
5921.630859	-75.996468
5943.164062	-72.157867
5964.697266	-69.701012
5986.230469	-68.701225
6007.763672	-68.204727
6029.296875	-72.246521
6050.830078	-77.074265
6072.363281	-79.409576
6093.896484	-82.244041
6115.429688	-83.217125
6136.962891	-86.348480
6158.496094	-89.198502
6180.029297	-87.844254
6201.562500	-88.326973
6223.095703	-85.853668
6244.628906	-80.931885
6266.162109	-79.233139
6287.695312	-76.826988
6309.228516	-74.910034
6330.761719	-75.421219
6352.294922	-80.437424
6373.828125	-88.920982
6395.361328	-94.594299
6416.894531	-96.572609
6438.427734	-96.148483
6459.960938	-94.511658
6481.494141	-96.175865
6503.027344	-98.360962
6524.560547	-98.532768
6546.093750	-99.111946
6567.626953	-99.161804
6589.160156	-96.756989
6610.693359	-88.588875
6632.226562	-83.111977
6653.759766	-82.248924
6675.292969	-82.718681
6696.826172	-86.410751
6718.359375	-89.109642
6739.892578	-91.263550
6761.425781	-91.446022
6782.958984	-88.379059
6804.492188	-87.337662
6826.025391	-85.477325
6847.558594	-87.660400
6869.091797	-87.543411
6890.625000	-86.784714
6912.158203	-82.614128
6933.691406	-81.721382
6955.224609	-80.512886
6976.757812	-80.706825
6998.291016	-84.185699
7019.824219	-88.704155
7041.357422	-94.859619
7062.890625	-99.775093
7084.423828	-98.236221
7105.957031	-95.126175
7127.490234	-98.337288
7149.023438	-91.160431
7170.556641	-88.873993
7192.089844	-88.541252
7213.623047	-85.432884
7235.156250	-80.379700
7256.689453	-76.728935
7278.222656	-75.204544
7299.755859	-74.871811
7321.289062	-77.193481
7342.822266	-79.096977
7364.355469	-85.008621
7385.888672	-88.648239
7407.421875	-93.333382
7428.955078	-91.746269
7450.488281	-92.993393
7472.021484	-98.282303
7493.554688	-99.048073
7515.087891	-102.398804
7536.621094	-100.552872
7558.154297	-99.953178
7579.687500	-98.497978
7601.220703	-96.882523
7622.753906	-93.412460
7644.287109	-92.726418
7665.820312	-95.354279
7687.353516	-93.997108
7708.886719	-94.044235
7730.419922	-93.227249
7751.953125	-90.933090
7773.486328	-89.915260
7795.019531	-87.533714
7816.552734	-85.978554
7838.085938	-87.131241
7859.619141	-90.050812
7881.152344	-90.879669
7902.685547	-88.054184
7924.218750	-85.928642
7945.751953	-85.752312
7967.285156	-87.900978
7988.818359	-89.563736
8010.351562	-91.458992
8031.884766	-96.174370
8053.417969	-98.502419
8074.951172	-99.805649
8096.484375	-98.211182
8118.017578	-98.112473
8139.550781	-98.232025
8161.083984	-97.183304
8182.617188	-94.181786
8204.150391	-89.674110
8225.683594	-87.289658
8247.216797	-85.134171
8268.750000	-84.593834
8290.283203	-81.702156
8311.816406	-79.714401
8333.349609	-76.147919
8354.882812	-78.408318
8376.416016	-85.857994
8397.949219	-89.183662
8419.482422	-88.987457
8441.015625	-88.044495
8462.548828	-87.215416
8484.082031	-89.688705
8505.615234	-86.976212
8527.148438	-83.568420
8548.681641	-80.144753
8570.214844	-77.690910
8591.748047	-78.895622
8613.281250	-78.338966
8634.814453	-77.079872
8656.347656	-74.429070
8677.880859	-73.780579
8699.414062	-78.526489
8720.947266	-82.022247
8742.480469	-82.326164
8764.013672	-83.040268
8785.546875	-84.574783
8807.080078	-89.049942
8828.613281	-89.855591
8850.146484	-90.105621
8871.679688	-86.819695
8893.212891	-84.552963
8914.746094	-85.888763
8936.279297	-88.134239
8957.812500	-89.320557
8979.345703	-90.462486
9000.878906	-93.101219
9022.412109	-98.793625
9043.945312	-103.898399
9065.478516	-104.378601
9087.011719	-105.392166
9108.544922	-103.268364
9130.078125	-104.386139
9151.611328	-103.553032
9173.144531	-100.071274
9194.677734	-96.244019
9216.210938	-92.708603
9237.744141	-93.165436
9259.277344	-95.270149
9280.810547	-95.406242
9302.343750	-92.568398
9323.876953	-90.067924
9345.410156	-90.921387
9366.943359	-92.938644
9388.476562	-92.840302
9410.009766	-91.910500
9431.542969	-90.266441
9453.076172	-90.622993
9474.609375	-90.048721
9496.142578	-85.614540
9517.675781	-84.542648
9539.208984	-83.088432
9560.742188	-81.762962
9582.275391	-81.651711
9603.808594	-82.653923
9625.341797	-80.384781
9646.875000	-77.299110
9668.408203	-76.190056
9689.941406	-76.682213
9711.474609	-78.760559
9733.007812	-80.121529
9754.541016	-82.849968
9776.074219	-84.472145
9797.607422	-88.616394
9819.140625	-87.697327
9840.673828	-87.341522
9862.207031	-86.887283
9883.740234	-87.929138
9905.273438	-87.905563
9926.806641	-85.962616
9948.339844	-84.039932
9969.873047	-82.338127
9991.406250	-83.356697
10012.939453	-86.076866
10034.472656	-83.848663
10056.005859	-81.413994
10077.539062	-82.074013
10099.072266	-82.428673
10120.605469	-83.881943
10142.138672	-85.630219
10163.671875	-85.507019
10185.205078	-87.320229
10206.738281	-87.435020
10228.271484	-85.376190
10249.804688	-83.856300
10271.337891	-84.753639
10292.871094	-86.776726
10314.404297	-92.103813
10335.937500	-90.348488
10357.470703	-89.526199
10379.003906	-90.406197
10400.537109	-93.694908
10422.070312	-95.069817
10443.603516	-93.674210
10465.136719	-94.557465
10486.669922	-95.451813
10508.203125	-96.775978
10529.736328	-94.575989
10551.269531	-91.211464
10572.802734	-89.454819
10594.335938	-87.491264
10615.869141	-86.103394
10637.402344	-85.929245
10658.935547	-85.976128
10680.468750	-84.959351
10702.001953	-87.424698
10723.535156	-90.942245
10745.068359	-92.772964
10766.601562	-92.494148
10788.134766	-92.308342
10809.667969	-92.157043
10831.201172	-91.144287
10852.734375	-90.830612
10874.267578	-88.588516
10895.800781	-88.973900
10917.333984	-89.735855
10938.867188	-86.695778
10960.400391	-84.773598
10981.933594	-83.982292
11003.466797	-83.916466
11025.000000	-85.788200
11046.533203	-86.778412
11068.066406	-85.500656
11089.599609	-87.027222
11111.132812	-85.690926
11132.666016	-84.721535
11154.199219	-83.411209
11175.732422	-83.639709
11197.265625	-81.229652
11218.798828	-82.200081
11240.332031	-81.845444
11261.865234	-79.881020
11283.398438	-80.505798
11304.931641	-81.109474
11326.464844	-79.090073
11347.998047	-79.067245
11369.531250	-80.923531
11391.064453	-79.376396
11412.597656	-79.549416
11434.130859	-80.281616
11455.664062	-82.243347
11477.197266	-80.139931
11498.730469	-81.432014
11520.263672	-78.703697
11541.796875	-78.993942
11563.330078	-81.556259
11584.863281	-80.192215
11606.396484	-77.794533
11627.929688	-82.351669
11649.462891	-82.272057
11670.996094	-84.645737
11692.529297	-86.864059
11714.062500	-86.715630
11735.595703	-87.299431
11757.128906	-86.788864
11778.662109	-87.845360
11800.195312	-88.342407
11821.728516	-87.139969
11843.261719	-86.781784
11864.794922	-86.838150
11886.328125	-86.627136
11907.861328	-86.686607
11929.394531	-85.567375
11950.927734	-84.216370
11972.460938	-82.213013
11993.994141	-84.222321
12015.527344	-86.040451
12037.060547	-85.177666
12058.593750	-88.059692
12080.126953	-88.325569
12101.660156	-86.320206
12123.193359	-84.272667
12144.726562	-83.396324
12166.259766	-85.295708
12187.792969	-85.125229
12209.326172	-86.740555
12230.859375	-88.081268
12252.392578	-84.581802
12273.925781	-83.880051
12295.458984	-88.069885
12316.992188	-88.014984
12338.525391	-92.264420
12360.058594	-94.977394
12381.591797	-95.957985
12403.125000	-98.962601
12424.658203	-99.922913
12446.191406	-100.156143
12467.724609	-98.766319
12489.257812	-100.827438
12510.791016	-101.455276
12532.324219	-102.075562
12553.857422	-100.198631
12575.390625	-102.157074
12596.923828	-101.954712
12618.457031	-102.489540
12639.990234	-103.166939
12661.523438	-103.532753
12683.056641	-103.393181
12704.589844	-102.907066
12726.123047	-102.631355
12747.656250	-105.529160
12769.189453	-105.434166
12790.722656	-104.495079
12812.255859	-105.354370
12833.789062	-106.761795
12855.322266	-110.183258
12876.855469	-108.138474
12898.388672	-105.068268
12919.921875	-108.923454
12941.455078	-109.213867
12962.988281	-109.751022
12984.521484	-111.381660
13006.054688	-110.000771
13027.587891	-108.397316
13049.121094	-108.011971
13070.654297	-108.776039
13092.187500	-109.672195
13113.720703	-108.356873
13135.253906	-107.474380
13156.787109	-104.759628
13178.320312	-103.936882
13199.853516	-106.219833
13221.386719	-109.391747
13242.919922	-105.067520
13264.453125	-104.593468
13285.986328	-110.566521
13307.519531	-112.371727
13329.052734	-113.201088
13350.585938	-114.225449
13372.119141	-114.225281
13393.652344	-115.820877
13415.185547	-114.604927
13436.718750	-111.625214
13458.251953	-112.797585
13479.785156	-109.178673
13501.318359	-104.795349
13522.851562	-104.762276
13544.384766	-105.432625
13565.917969	-106.020973
13587.451172	-101.493172
13608.984375	-102.259781
13630.517578	-103.172684
13652.050781	-105.761665
13673.583984	-105.331680
13695.117188	-105.571030
13716.650391	-106.274399
13738.183594	-105.792160
13759.716797	-102.281403
13781.250000	-100.811089
13802.783203	-102.878639
13824.316406	-99.974068
13845.849609	-98.282555
13867.382812	-98.975159
13888.916016	-99.838463
13910.449219	-97.994530
13931.982422	-96.527138
13953.515625	-98.534843
13975.048828	-96.354973
13996.582031	-95.820053
14018.115234	-95.734215
14039.648438	-97.657845
14061.181641	-99.170326
14082.714844	-94.678329
14104.248047	-93.578629
14125.781250	-95.402046
14147.314453	-96.020424
14168.847656	-94.143112
14190.380859	-95.102875
14211.914062	-94.574562
14233.447266	-92.121307
14254.980469	-90.972557
14276.513672	-92.159668
14298.046875	-92.323799
14319.580078	-91.937202
14341.113281	-94.905426
14362.646484	-97.203316
14384.179688	-100.669922
14405.712891	-97.201378
14427.246094	-95.664024
14448.779297	-98.048294
14470.312500	-99.640015
14491.845703	-99.344154
14513.378906	-99.352432
14534.912109	-101.488182
14556.445312	-101.051788
14577.978516	-98.932167
14599.511719	-99.486549
14621.044922	-97.783302
14642.578125	-98.611198
14664.111328	-101.210213
14685.644531	-104.116844
14707.177734	-103.843712
14728.710938	-100.551430
14750.244141	-98.322342
14771.777344	-99.488434
14793.310547	-100.183434
14814.843750	-97.466087
14836.376953	-97.556465
14857.910156	-99.412872
14879.443359	-100.267944
14900.976562	-99.595100
14922.509766	-97.045761
14944.042969	-97.225609
14965.576172	-96.301277
14987.109375	-97.930115
15008.642578	-100.114624
15030.175781	-102.539932
15051.708984	-103.599190
15073.242188	-102.088242
15094.775391	-100.936981
15116.308594	-103.244797
15137.841797	-100.429230
15159.375000	-100.568375
15180.908203	-103.294357
15202.441406	-102.868622
15223.974609	-100.771774
15245.507812	-99.949860
15267.041016	-98.872940
15288.574219	-101.725082
15310.107422	-99.930321
15331.640625	-102.316376
15353.173828	-106.470673
15374.707031	-107.947319
15396.240234	-108.949898
15417.773438	-108.006447
15439.306641	-109.068085
15460.839844	-108.816490
15482.373047	-107.796021
15503.906250	-108.821625
15525.439453	-109.877747
15546.972656	-107.575790
15568.505859	-104.930077
15590.039062	-103.388016
15611.572266	-104.154289
15633.105469	-101.228050
15654.638672	-102.379631
15676.171875	-103.623367
15697.705078	-102.250893
15719.238281	-102.463860
15740.771484	-101.919113
15762.304688	-103.283829
15783.837891	-102.323502
15805.371094	-101.560638
15826.904297	-103.430901
15848.437500	-109.988235
15869.970703	-110.954224
15891.503906	-111.503189
15913.037109	-114.510056
15934.570312	-115.302467
15956.103516	-112.277451
15977.636719	-111.527069
15999.169922	-113.315163
16020.703125	-112.417923
16042.236328	-112.224808
16063.769531	-113.978523
16085.302734	-115.799988
16106.835938	-116.344902
16128.369141	-112.697624
16149.902344	-113.326614
16171.435547	-114.129417
16192.968750	-113.762520
16214.501953	-113.612991
16236.035156	-110.536491
16257.568359	-110.959267
16279.101562	-112.039177
16300.634766	-110.856201
16322.167969	-111.337212
16343.701172	-110.328758
16365.234375	-109.631561
16386.767578	-111.187485
16408.300781	-112.670715
16429.833984	-115.206154
16451.367188	-114.090996
16472.900391	-114.030228
16494.433594	-111.392517
16515.966797	-110.446190
16537.500000	-111.933846
16559.033203	-112.651863
16580.566406	-111.975983
16602.099609	-109.794601
16623.632812	-111.249649
16645.166016	-111.257401
16666.699219	-110.810577
16688.232422	-111.366486
16709.765625	-112.820457
16731.298828	-113.200348
16752.832031	-114.220787
16774.365234	-110.877640
16795.898438	-109.864983
16817.431641	-111.719971
16838.964844	-114.881905
16860.498047	-114.623337
16882.031250	-113.903641
16903.564453	-116.209457
16925.097656	-113.575111
16946.630859	-113.219444
16968.164062	-112.246742
16989.697266	-111.006775
17011.230469	-110.309380
17032.763672	-106.989090
17054.296875	-105.525986
17075.830078	-106.110420
17097.363281	-108.172569
17118.896484	-106.630989
17140.429688	-104.486870
17161.962891	-103.090370
17183.496094	-104.300171
17205.029297	-107.295807
17226.562500	-106.339409
17248.095703	-107.455315
17269.628906	-109.148811
17291.162109	-109.835587
17312.695312	-107.990425
17334.228516	-107.822998
17355.761719	-106.451508
17377.294922	-105.372589
17398.828125	-105.399483
17420.361328	-105.744545
17441.894531	-103.640762
17463.427734	-101.749565
17484.960938	-100.954445
17506.494141	-100.387085
17528.027344	-103.109367
17549.560547	-101.096870
17571.093750	-99.014221
17592.626953	-99.791298
17614.160156	-101.525368
17635.693359	-101.303040
17657.226562	-102.803215
17678.759766	-103.547928
17700.292969	-102.374886
17721.826172	-104.475479
17743.359375	-106.305908
17764.892578	-105.474953
17786.425781	-108.325729
17807.958984	-106.669693
17829.492188	-108.802910
17851.025391	-105.400078
17872.558594	-102.607529
17894.091797	-103.970039
17915.625000	-102.722435
17937.158203	-101.751556
17958.691406	-101.672409
17980.224609	-100.297020
18001.757812	-102.486656
18023.291016	-101.662537
18044.824219	-101.541817
18066.357422	-101.123962
18087.890625	-99.213951
18109.423828	-98.720490
18130.957031	-99.655968
18152.490234	-100.096199
18174.023438	-99.070595
18195.556641	-99.848068
18217.089844	-100.803436
18238.623047	-101.644775
18260.156250	-99.188576
18281.689453	-95.054626
18303.222656	-94.171700
18324.755859	-98.176308
18346.289062	-96.018768
18367.822266	-95.136772
18389.355469	-96.725563
18410.888672	-93.272415
18432.421875	-92.487015
18453.955078	-93.909836
18475.488281	-96.327988
18497.021484	-95.109222
18518.554688	-95.552368
18540.087891	-98.235542
18561.621094	-101.715584
18583.154297	-98.681427
18604.687500	-96.733154
18626.220703	-99.448593
18647.753906	-100.297134
18669.287109	-97.037582
18690.820312	-96.121590
18712.353516	-97.475624
18733.886719	-97.134224
18755.419922	-94.400772
18776.953125	-93.920898
18798.486328	-95.466774
18820.019531	-95.672195
18841.552734	-93.758064
18863.085938	-94.928963
18884.619141	-99.236702
18906.152344	-98.195404
18927.685547	-95.908104
18949.218750	-96.705315
18970.751953	-99.041283
18992.285156	-101.271889
19013.818359	-99.993439
19035.351562	-100.594521
19056.884766	-99.910904
19078.417969	-96.928062
19099.951172	-95.872353
19121.484375	-95.787987
19143.017578	-95.395950
19164.550781	-94.112511
19186.083984	-93.776070
19207.617188	-96.381226
19229.150391	-98.330780
19250.683594	-97.503593
19272.216797	-97.847824
19293.750000	-99.298843
19315.283203	-101.531494
19336.816406	-99.633438
19358.349609	-98.741196
19379.882812	-104.182755
19401.416016	-105.970818
19422.949219	-106.855553
19444.482422	-106.310760
19466.015625	-104.231491
19487.548828	-102.827377
19509.082031	-101.993874
19530.615234	-102.534782
19552.148438	-102.929840
19573.681641	-101.535812
19595.214844	-102.313820
19616.748047	-103.966866
19638.281250	-104.911171
19659.814453	-104.283653
19681.347656	-103.304848
19702.880859	-105.418747
19724.414062	-106.093513
19745.947266	-107.305984
19767.480469	-110.317810
19789.013672	-112.887009
19810.546875	-113.830750
19832.080078	-114.993965
19853.613281	-113.047852
19875.146484	-110.744980
19896.679688	-109.106255
19918.212891	-111.768936
19939.746094	-109.649170
19961.279297	-109.859787
19982.812500	-108.306145
20004.345703	-108.771812
20025.878906	-109.013107
20047.412109	-110.194405
20068.945312	-109.413368
20090.478516	-108.412239
20112.011719	-106.928833
20133.544922	-107.464508
20155.078125	-108.155937
20176.611328	-108.394653
20198.144531	-108.523140
20219.677734	-108.348907
20241.210938	-108.376770
20262.744141	-106.896370
20284.277344	-108.628784
20305.810547	-108.307137
20327.343750	-107.174103
20348.876953	-109.109383
20370.410156	-111.611565
20391.943359	-112.437408
20413.476562	-110.354752
20435.009766	-109.652573
20456.542969	-109.960693
20478.076172	-113.643219
20499.609375	-113.045753
20521.142578	-114.906700
20542.675781	-114.626213
20564.208984	-114.842300
20585.742188	-116.192612
20607.275391	-117.316078
20628.808594	-116.279831
20650.341797	-116.689140
20671.875000	-117.040459
20693.408203	-116.036674
20714.941406	-117.990257
20736.474609	-116.047775
20758.007812	-113.733498
20779.541016	-114.519600
20801.074219	-115.886520
20822.607422	-114.888451
20844.140625	-116.224182
20865.673828	-116.683739
20887.207031	-117.434601
20908.740234	-116.093582
20930.273438	-116.479256
20951.806641	-115.644005
20973.339844	-116.933891
20994.873047	-118.053780
21016.406250	-115.782654
21037.939453	-117.534035
21059.472656	-119.575470
21081.005859	-116.951355
21102.539062	-116.571213
21124.072266	-119.738640
21145.605469	-119.007378
21167.138672	-118.686516
21188.671875	-118.438835
21210.205078	-114.606125
21231.738281	-115.801712
21253.271484	-116.462914
21274.804688	-115.788666
21296.337891	-118.153740
21317.871094	-115.033409
21339.404297	-117.018013
21360.937500	-119.136307
21382.470703	-118.555222
21404.003906	-118.891670
21425.537109	-118.474503
21447.070312	-115.214371
21468.603516	-117.648170
21490.136719	-120.813248
21511.669922	-116.431412
21533.203125	-117.424995
21554.736328	-119.413834
21576.269531	-119.860611
21597.802734	-118.176102
21619.335938	-116.198120
21640.869141	-116.276344
21662.402344	-118.021355
21683.935547	-117.247734
21705.468750	-117.881676
21727.001953	-120.300957
21748.535156	-119.789040
21770.068359	-117.854988
21791.601562	-117.458168
21813.134766	-116.262947
21834.667969	-116.274590
21856.201172	-116.767357
21877.734375	-116.231461
21899.267578	-116.581032
21920.800781	-119.933464
21942.333984	-118.814690
21963.867188	-118.605003
21985.400391	-118.818062
22006.933594	-118.627281
22028.466797	-119.742035
