Frequency (Hz)	Level (dB)
21.533203	-66.494614
43.066406	-79.551933
64.599609	-86.451767
86.132812	-87.948952
107.666016	-89.205826
129.199219	-88.008095
150.732422	-89.913139
172.265625	-90.024536
193.798828	-89.745422
215.332031	-92.989120
236.865234	-92.816147
258.398438	-90.138924
279.931641	-85.452026
301.464844	-72.809853
322.998047	-49.807018
344.531250	-45.905716
366.064453	-53.991058
387.597656	-78.960388
409.130859	-86.299446
430.664062	-85.430481
452.197266	-82.543602
473.730469	-80.389664
495.263672	-78.154663
516.796875	-74.849869
538.330078	-70.970940
559.863281	-68.465431
581.396484	-63.150597
602.929688	-56.834446
624.462891	-47.538235
645.996094	-30.689814
667.529297	-15.566936
689.062500	-14.080434
710.595703	-24.312016
732.128906	-45.675838
753.662109	-55.799496
775.195312	-62.914291
796.728516	-68.104477
818.261719	-72.463264
839.794922	-75.310440
861.328125	-78.512146
882.861328	-78.206802
904.394531	-78.440880
925.927734	-75.113037
947.460938	-74.076691
968.994141	-63.237965
990.527344	-43.071602
1012.060547	-32.341225
1033.593750	-32.534931
1055.126953	-43.772011
1076.660156	-64.838196
1098.193359	-72.031921
1119.726562	-73.094009
1141.259766	-70.972069
1162.792969	-69.403633
1184.326172	-67.517181
1205.859375	-67.254715
1227.392578	-69.181686
1248.925781	-68.940834
1270.458984	-71.346313
1291.992188	-74.928467
1313.525391	-67.366447
1335.058594	-47.626801
1356.591797	-40.540096
1378.125000	-42.322670
1399.658203	-54.093155
1421.191406	-74.541306
1442.724609	-81.546692
1464.257812	-74.885101
1485.791016	-72.864563
1507.324219	-71.953156
1528.857422	-70.351288
1550.390625	-70.686485
1571.923828	-71.831451
1593.457031	-71.250778
1614.990234	-72.394501
1636.523438	-71.460434
1658.056641	-57.575146
1679.589844	-38.539875
1701.123047	-32.856617
1722.656250	-35.781345
1744.189453	-48.305412
1765.722656	-65.820076
1787.255859	-63.335110
1808.789062	-57.860592
1830.322266	-56.752289
1851.855469	-58.460342
1873.388672	-59.635406
1894.921875	-61.162758
1916.455078	-64.310265
1937.988281	-67.908363
1959.521484	-76.572250
1981.054688	-76.430077
2002.587891	-57.238789
2024.121094	-46.923065
2045.654297	-42.376251
2067.187500	-43.862240
2088.720703	-56.728443
2110.253906	-75.218613
2131.787109	-82.331238
2153.320312	-81.054596
2174.853516	-81.564819
2196.386719	-81.931679
2217.919922	-81.567070
2239.453125	-83.379974
2260.986328	-86.602669
2282.519531	-86.830132
2304.052734	-87.044685
2325.585938	-76.952255
2347.119141	-58.325039
2368.652344	-47.948135
2390.185547	-45.801815
2411.718750	-50.358059
2433.251953	-63.962952
2454.785156	-79.671753
2476.318359	-81.260353
2497.851562	-81.402725
2519.384766	-81.622169
2540.917969	-82.068886
2562.451172	-80.593979
2583.984375	-79.877335
2605.517578	-82.000816
2627.050781	-82.397858
2648.583984	-83.085739
2670.117188	-72.819405
2691.650391	-56.567062
2713.183594	-50.270813
2734.716797	-48.924858
2756.250000	-52.988037
2777.783203	-68.019699
2799.316406	-76.707771
2820.849609	-74.818321
2842.382812	-72.779900
2863.916016	-70.852684
2885.449219	-73.637451
2906.982422	-74.299706
2928.515625	-75.584900
2950.048828	-77.432724
2971.582031	-77.017418
2993.115234	-72.870369
3014.648438	-57.061012
3036.181641	-42.747322
3057.714844	-37.679325
3079.248047	-36.293682
3100.781250	-40.030190
3122.314453	-55.981335
3143.847656	-67.647316
3165.380859	-64.751175
3186.914062	-64.489105
3208.447266	-67.941673
3229.980469	-73.039612
3251.513672	-70.342850
3273.046875	-71.156067
3294.580078	-75.740013
3316.113281	-79.444687
3337.646484	-73.110344
3359.179688	-58.403820
3380.712891	-47.574165
3402.246094	-45.580780
3423.779297	-48.193863
3445.312500	-51.995090
3466.845703	-67.850388
3488.378906	-76.190880
3509.912109	-73.846321
3531.445312	-73.613129
3552.978516	-73.121658
3574.511719	-72.784859
3596.044922	-72.758789
3617.578125	-76.238724
3639.111328	-78.894958
3660.644531	-81.432411
3682.177734	-79.173447
3703.710938	-67.428322
3725.244141	-62.620880
3746.777344	-59.482258
3768.310547	-57.535133
3789.843750	-62.837032
3811.376953	-78.344658
3832.910156	-78.342476
3854.443359	-75.191383
3875.976562	-73.886009
3897.509766	-74.454407
3919.042969	-72.777557
3940.576172	-71.319031
3962.109375	-72.104561
3983.642578	-73.295700
4005.175781	-76.281876
4026.708984	-65.239250
4048.242188	-50.137733
4069.775391	-43.360237
4091.308594	-42.728889
4112.841797	-43.056202
4134.375000	-48.243065
4155.908203	-63.832027
4177.441406	-68.365089
4198.974609	-68.167175
4220.507812	-66.594948
4242.041016	-68.609352
4263.574219	-71.971443
4285.107422	-73.586174
4306.640625	-75.841766
4328.173828	-75.734436
4349.707031	-74.465836
4371.240234	-57.870121
4392.773438	-49.053947
4414.306641	-46.941586
4435.839844	-47.165871
4457.373047	-48.074329
4478.906250	-54.963783
4500.439453	-70.660103
4521.972656	-77.029228
4543.505859	-75.097435
4565.039062	-73.919395
4586.572266	-73.606766
4608.105469	-74.161354
4629.638672	-74.581917
4651.171875	-75.505981
4672.705078	-76.814117
4694.238281	-77.508484
4715.771484	-70.096413
4737.304688	-61.050777
4758.837891	-57.552742
4780.371094	-57.072548
4801.904297	-56.905125
4823.437500	-62.766403
4844.970703	-78.831337
4866.503906	-84.147881
4888.037109	-81.306847
4909.570312	-80.497108
4931.103516	-77.819420
4952.636719	-75.327591
4974.169922	-74.809395
4995.703125	-76.406670
5017.236328	-79.652328
5038.769531	-81.808395
5060.302734	-72.759087
5081.835938	-67.893974
5103.369141	-66.493271
5124.902344	-61.708427
5146.435547	-58.180271
5167.968750	-63.059063
5189.501953	-75.611313
5211.035156	-80.243111
5232.568359	-77.965508
5254.101562	-77.884674
5275.634766	-74.043091
5297.167969	-70.242310
5318.701172	-69.366966
5340.234375	-70.864296
5361.767578	-72.178368
5383.300781	-64.491882
5404.833984	-55.097702
5426.367188	-51.221920
5447.900391	-51.749424
5469.433594	-57.805145
5490.966797	-61.436012
5512.500000	-69.428558
5534.033203	-84.021774
5555.566406	-83.568687
5577.099609	-79.606728
5598.632812	-78.141594
5620.166016	-76.756348
5641.699219	-76.262650
5663.232422	-76.364151
5684.765625	-75.476349
5706.298828	-75.082619
5727.832031	-68.403442
5749.365234	-62.244640
5770.898438	-60.743629
5792.431641	-62.186459
5813.964844	-63.514606
5835.498047	-62.255760
5857.031250	-67.367058
5878.564453	-71.274445
5900.097656	-70.449669
5921.630859	-70.446907
5943.164062	-71.206436
5964.697266	-70.790932
5986.230469	-69.862099
6007.763672	-71.892670
6029.296875	-73.866394
6050.830078	-76.666138
6072.363281	-75.478355
6093.896484	-70.285034
6115.429688	-66.469818
6136.962891	-69.051888
6158.496094	-73.703758
6180.029297	-75.787178
6201.562500	-83.410316
6223.095703	-88.894180
6244.628906	-85.022224
6266.162109	-83.791458
6287.695312	-83.462685
6309.228516	-84.109451
6330.761719	-87.163620
6352.294922	-89.750168
6373.828125	-88.116112
6395.361328	-84.295883
6416.894531	-77.930748
6438.427734	-74.191612
6459.960938	-73.104233
6481.494141	-75.787125
6503.027344	-73.357803
6524.560547	-73.233994
6546.093750	-80.997734
6567.626953	-89.886055
6589.160156	-91.370155
6610.693359	-91.046783
6632.226562	-90.394379
6653.759766	-91.949799
6675.292969	-94.084282
6696.826172	-94.797470
6718.359375	-90.025826
6739.892578	-78.452972
6761.425781	-72.695671
6782.958984	-69.395142
6804.492188	-68.003403
6826.025391	-71.395531
6847.558594	-71.211571
6869.091797	-72.833946
6890.625000	-81.565773
6912.158203	-86.997017
6933.691406	-87.406631
6955.224609	-86.862122
6976.757812	-87.364998
6998.291016	-88.417305
7019.824219	-88.434074
7041.357422	-88.913269
7062.890625	-88.201790
7084.423828	-80.865448
7105.957031	-74.503525
7127.490234	-71.328644
7149.023438	-71.341347
7170.556641	-71.020889
7192.089844	-67.464149
7213.623047	-68.808449
7235.156250	-78.664719
7256.689453	-85.430511
7278.222656	-84.617668
7299.755859	-85.694588
7321.289062	-84.361305
7342.822266	-84.382538
7364.355469	-86.984177
7385.888672	-87.192711
7407.421875	-78.193611
7428.955078	-70.926086
7450.488281	-66.412209
7472.021484	-62.097736
7493.554688	-61.600948
7515.087891	-61.465134
7536.621094	-59.971008
7558.154297	-63.014515
7579.687500	-72.720490
7601.220703	-82.660149
7622.753906	-85.995766
7644.287109	-86.416084
7665.820312	-88.494141
7687.353516	-88.316948
7708.886719	-91.524055
7730.419922	-88.119873
7751.953125	-79.159286
7773.486328	-74.851913
7795.019531	-76.201347
7816.552734	-78.159630
7838.085938	-81.983414
7859.619141	-81.317322
7881.152344	-78.031891
7902.685547	-78.486938
7924.218750	-85.952736
7945.751953	-89.801796
7967.285156	-89.552391
7988.818359	-88.685211
8010.351562	-85.191887
8031.884766	-84.923416
8053.417969	-86.993164
8074.951172	-84.307625
8096.484375	-76.808586
8118.017578	-71.145096
8139.550781	-68.017448
8161.083984	-66.313263
8182.617188	-67.580605
8204.150391	-68.037544
8225.683594	-66.494781
8247.216797	-68.863533
8268.750000	-79.939713
8290.283203	-90.121437
8311.816406	-94.330399
8333.349609	-97.072212
8354.882812	-94.716431
8376.416016	-93.426071
8397.949219	-90.979729
8419.482422	-84.368553
8441.015625	-78.913795
8462.548828	-74.145470
8484.082031	-69.813133
8505.615234	-68.691864
8527.148438	-70.905586
8548.681641	-69.094559
8570.214844	-67.005470
8591.748047	-68.457306
8613.281250	-79.069092
8634.814453	-88.794327
8656.347656	-90.015663
8677.880859	-92.093781
8699.414062	-89.492867
8720.947266	-89.363304
8742.480469	-86.508347
8764.013672	-77.366196
8785.546875	-70.865982
8807.080078	-67.743637
8828.613281	-66.069977
8850.146484	-65.274811
8871.679688	-65.602661
8893.212891	-62.605816
8914.746094	-62.000690
8936.279297	-65.412903
8957.812500	-75.280602
8979.345703	-83.239487
9000.878906	-84.289650
9022.412109	-84.192337
9043.945312	-83.473465
9065.478516	-85.456512
9087.011719	-82.208778
9108.544922	-73.808365
9130.078125	-69.894516
9151.611328	-67.746040
9173.144531	-65.789009
9194.677734	-66.396675
9216.210938	-68.347519
9237.744141	-66.717422
9259.277344	-67.111359
9280.810547	-70.490921
9302.343750	-81.798164
9323.876953	-89.766830
9345.410156	-91.131096
9366.943359	-95.059616
9388.476562	-95.436783
9410.009766	-94.915848
9431.542969	-87.631462
9453.076172	-77.004265
9474.609375	-72.308922
9496.142578	-71.024887
9517.675781	-73.089027
9539.208984	-74.775955
9560.742188	-73.820145
9582.275391	-69.918762
9603.808594	-69.335320
9625.341797	-74.147560
9646.875000	-83.511215
9668.408203	-83.138168
9689.941406	-83.239983
9711.474609	-82.683723
9733.007812	-81.029556
9754.541016	-81.519585
9776.074219	-74.467201
9797.607422	-68.919952
9819.140625	-66.322380
9840.673828	-65.876076
9862.207031	-65.982384
9883.740234	-67.192200
9905.273438	-68.094040
9926.806641	-67.147789
9948.339844	-63.996834
9969.873047	-67.436218
9991.406250	-81.927620
10012.939453	-89.521767
10034.472656	-90.620560
10056.005859	-91.574730
10077.539062	-91.215286
10099.072266	-92.676834
10120.605469	-86.215996
10142.138672	-77.404526
10163.671875	-74.677490
10185.205078	-77.064667
10206.738281	-77.758270
10228.271484	-76.798668
10249.804688	-77.260193
10271.337891	-73.445412
10292.871094	-68.343445
10314.404297	-71.500870
10335.937500	-81.362183
10357.470703	-85.718475
10379.003906	-83.390839
10400.537109	-81.812592
10422.070312	-81.856400
10443.603516	-80.480988
10465.136719	-75.610130
10486.669922	-72.609489
10508.203125	-67.683517
10529.736328	-64.985741
10551.269531	-66.514679
10572.802734	-69.902489
10594.335938	-71.335403
10615.869141	-69.338669
10637.402344	-69.441963
10658.935547	-74.652916
10680.468750	-86.815750
10702.001953	-87.955574
10723.535156	-83.547653
10745.068359	-82.017334
10766.601562	-81.300400
10788.134766	-74.350082
10809.667969	-68.516380
10831.201172	-65.855873
10852.734375	-63.479412
10874.267578	-62.011631
10895.800781	-64.174026
10917.333984	-68.325676
10938.867188	-69.731903
10960.400391	-68.064156
10981.933594	-65.694740
11003.466797	-70.658195
11025.000000	-81.031860
11046.533203	-83.740257
11068.066406	-83.941231
11089.599609	-83.937325
11111.132812	-83.505775
11132.666016	-77.682732
11154.199219	-73.144440
11175.732422	-71.046066
11197.265625	-70.301109
11218.798828	-69.800941
11240.332031	-71.765892
11261.865234	-76.208992
11283.398438	-75.205795
11304.931641	-72.658607
11326.464844	-72.328438
11347.998047	-77.774078
11369.531250	-83.388275
11391.064453	-83.865311
11412.597656	-83.616806
11434.130859	-85.418053
11455.664062	-86.217995
11477.197266	-85.167816
11498.730469	-84.352913
11520.263672	-85.119614
11541.796875	-84.917801
11563.330078	-81.299644
11584.863281	-78.646645
11606.396484	-76.449341
11627.929688	-73.619728
11649.462891	-72.687950
11670.996094	-72.860626
11692.529297	-77.976631
11714.062500	-84.809631
11735.595703	-83.819618
11757.128906	-82.859024
11778.662109	-81.782616
11800.195312	-79.022713
11821.728516	-75.952118
11843.261719	-74.192322
11864.794922	-71.028519
11886.328125	-69.088882
11907.861328	-69.940277
11929.394531	-72.647705
11950.927734	-74.226288
11972.460938	-71.789047
11993.994141	-71.404274
12015.527344	-70.883400
12037.060547	-77.612717
12058.593750	-84.969528
12080.126953	-88.421356
12101.660156	-89.294044
12123.193359	-85.313538
12144.726562	-80.174690
12166.259766	-77.057808
12187.792969	-73.648376
12209.326172	-72.392426
12230.859375	-71.397255
12252.392578	-71.001869
12273.925781	-72.536934
12295.458984	-74.166443
12316.992188	-72.008949
12338.525391	-69.471146
12360.058594	-69.213158
12381.591797	-75.774666
12403.125000	-80.192673
12424.658203	-82.156258
12446.191406	-83.596649
12467.724609	-80.773582
12489.257812	-76.962997
12510.791016	-74.408577
12532.324219	-72.163925
12553.857422	-72.579216
12575.390625	-71.094688
12596.923828	-71.433830
12618.457031	-72.391411
12639.990234	-72.405067
12661.523438	-69.955780
12683.056641	-68.640663
12704.589844	-68.658195
12726.123047	-76.402557
12747.656250	-85.507492
12769.189453	-87.556374
12790.722656	-86.364967
12812.255859	-82.788475
12833.789062	-79.696007
12855.322266	-77.894760
12876.855469	-74.816711
12898.388672	-71.724831
12919.921875	-69.787689
12941.455078	-70.703308
12962.988281	-72.635452
12984.521484	-73.670563
13006.054688	-70.857231
13027.587891	-69.059738
13049.121094	-69.858917
13070.654297	-78.803192
13092.187500	-85.783363
13113.720703	-88.791962
13135.253906	-86.834602
13156.787109	-82.963448
13178.320312	-81.666901
13199.853516	-79.983727
13221.386719	-77.570282
13242.919922	-77.269470
13264.453125	-76.128578
13285.986328	-78.158073
13307.519531	-81.912529
13329.052734	-86.458977
13350.585938	-85.749001
13372.119141	-84.976265
13393.652344	-86.774666
13415.185547	-91.410240
13436.718750	-92.173607
13458.251953	-93.775482
13479.785156	-90.193832
13501.318359	-83.664749
13522.851562	-82.905914
13544.384766	-76.696358
13565.917969	-71.539879
13587.451172	-70.024529
13608.984375	-71.238617
13630.517578	-71.972046
13652.050781	-73.305168
13673.583984	-71.924408
13695.117188	-70.577431
13716.650391	-71.011787
13738.183594	-73.499886
13759.716797	-79.072212
13781.250000	-82.057953
13802.783203	-83.454407
13824.316406	-81.478378
13845.849609	-80.053177
13867.382812	-80.216484
13888.916016	-79.931358
13910.449219	-78.908600
13931.982422	-78.652550
13953.515625	-79.461174
13975.048828	-80.867065
13996.582031	-84.268753
14018.115234	-81.119049
14039.648438	-80.047653
14061.181641	-79.435692
14082.714844	-82.321022
14104.248047	-90.263657
14125.781250	-91.386024
14147.314453	-90.855583
14168.847656	-87.148842
14190.380859	-84.852570
14211.914062	-80.282181
14233.447266	-80.471588
14254.980469	-81.033546
14276.513672	-81.156075
14298.046875	-82.403427
14319.580078	-82.777527
14341.113281	-83.516090
14362.646484	-78.859505
14384.179688	-77.793709
14405.712891	-78.893150
14427.246094	-82.123779
14448.779297	-87.961899
14470.312500	-90.546730
14491.845703	-92.642975
14513.378906	-92.720390
14534.912109	-91.454460
14556.445312	-92.763405
14577.978516	-92.815536
14599.511719	-89.863792
14621.044922	-90.620338
14642.578125	-92.002174
14664.111328	-92.715858
14685.644531	-91.342438
14707.177734	-87.155701
14728.710938	-87.167229
14750.244141	-86.175606
14771.777344	-87.803146
14793.310547	-91.487236
14814.843750	-93.536102
14836.376953	-92.780823
14857.910156	-90.384995
14879.443359	-87.098572
14900.976562	-87.614136
14922.509766	-89.220985
14944.042969	-87.792183
14965.576172	-87.647980
14987.109375	-87.321831
15008.642578	-88.504333
15030.175781	-88.459419
15051.708984	-87.023834
15073.242188	-88.826042
15094.775391	-89.429039
15116.308594	-88.955360
15137.841797	-91.461327
15159.375000	-92.409988
15180.908203	-93.552841
15202.441406	-93.876099
15223.974609	-95.114029
15245.507812	-95.629974
15267.041016	-98.088036
15288.574219	-96.822357
15310.107422	-97.905724
15331.640625	-99.784485
15353.173828	-99.868721
15374.707031	-99.428673
15396.240234	-97.374428
15417.773438	-98.976746
15439.306641	-97.541504
15460.839844	-99.224098
15482.373047	-102.676926
15503.906250	-104.129471
15525.439453	-102.715637
15546.972656	-100.437119
15568.505859	-102.281807
15590.039062	-102.779022
15611.572266	-104.903404
15633.105469	-102.572426
15654.638672	-103.846382
15676.171875	-103.774536
15697.705078	-105.287926
15719.238281	-104.026901
15740.771484	-103.773003
15762.304688	-103.816978
15783.837891	-102.908920
15805.371094	-103.641579
15826.904297	-103.678513
15848.437500	-101.990250
15869.970703	-101.420074
15891.503906	-101.228355
15913.037109	-102.233978
15934.570312	-100.150131
15956.103516	-101.198624
15977.636719	-100.055443
15999.169922	-102.369934
16020.703125	-102.822777
16042.236328	-103.986595
16063.769531	-103.104767
16085.302734	-101.964867
16106.835938	-102.841682
16128.369141	-101.464607
16149.902344	-104.609032
16171.435547	-107.368553
16192.968750	-107.845078
16214.501953	-108.717628
16236.035156	-109.088211
16257.568359	-112.505829
16279.101562	-111.991989
16300.634766	-110.958809
16322.167969	-110.071388
16343.701172	-109.856476
16365.234375	-107.771347
16386.767578	-107.613800
16408.300781	-106.213989
16429.833984	-103.197021
16451.367188	-101.716408
16472.900391	-99.303444
16494.433594	-101.615234
16515.966797	-101.420876
16537.500000	-101.453758
16559.033203	-101.770027
16580.566406	-103.096313
16602.099609	-104.441483
16623.632812	-105.232643
16645.166016	-104.564407
16666.699219	-104.082001
16688.232422	-104.750557
16709.765625	-104.586357
16731.298828	-104.114334
16752.832031	-101.874107
16774.365234	-102.217140
16795.898438	-104.388565
16817.431641	-103.822472
16838.964844	-103.377525
16860.498047	-102.741394
16882.031250	-104.294579
16903.564453	-103.980293
16925.097656	-103.107117
16946.630859	-102.010811
16968.164062	-100.237991
16989.697266	-98.384209
17011.230469	-100.618622
17032.763672	-104.010468
17054.296875	-104.198578
17075.830078	-103.148087
17097.363281	-99.544312
17118.896484	-98.300674
17140.429688	-98.020973
17161.962891	-95.207069
17183.496094	-99.855461
17205.029297	-104.190857
17226.562500	-105.151138
17248.095703	-105.271446
17269.628906	-103.560600
17291.162109	-104.172974
17312.695312	-105.751556
17334.228516	-104.839523
17355.761719	-103.039421
17377.294922	-102.282555
17398.828125	-102.816383
17420.361328	-105.095757
17441.894531	-106.311241
17463.427734	-105.314064
17484.960938	-101.726692
17506.494141	-97.655525
17528.027344	-102.298897
17549.560547	-106.510796
17571.093750	-107.391800
17592.626953	-105.400558
17614.160156	-105.704369
17635.693359	-107.245674
17657.226562	-108.062912
17678.759766	-108.008270
17700.292969	-107.748154
17721.826172	-108.480461
17743.359375	-108.380814
17764.892578	-108.575111
17786.425781	-107.722252
17807.958984	-104.549156
17829.492188	-99.834976
17851.025391	-97.251228
17872.558594	-101.699173
17894.091797	-105.458618
17915.625000	-106.712364
17937.158203	-105.537415
17958.691406	-107.921745
17980.224609	-108.393196
18001.757812	-105.344337
18023.291016	-106.844299
18044.824219	-109.141869
18066.357422	-109.041573
18087.890625	-107.360397
18109.423828	-105.270340
18130.957031	-103.240295
18152.490234	-102.870758
18174.023438	-103.285172
18195.556641	-104.346390
18217.089844	-106.574249
18238.623047	-105.379517
18260.156250	-105.697334
18281.689453	-106.495605
18303.222656	-107.328918
18324.755859	-105.845917
18346.289062	-102.043282
18367.822266	-99.882370
18389.355469	-99.458664
18410.888672	-99.354416
18432.421875	-102.470131
18453.955078	-105.364639
18475.488281	-103.841705
18497.021484	-104.027710
18518.554688	-102.763763
18540.087891	-101.325592
18561.621094	-100.220413
18583.154297	-99.563103
18604.687500	-99.832024
18626.220703	-100.910683
18647.753906	-100.873856
18669.287109	-102.169846
18690.820312	-101.921066
18712.353516	-103.277336
18733.886719	-103.412689
18755.419922	-101.085915
18776.953125	-101.786079
18798.486328	-100.622917
18820.019531	-99.383598
18841.552734	-97.917336
18863.085938	-94.730698
18884.619141	-92.577438
18906.152344	-93.192528
18927.685547	-94.595665
18949.218750	-92.634995
18970.751953	-93.614029
18992.285156	-96.720451
19013.818359	-95.435837
19035.351562	-95.405312
19056.884766	-95.602951
19078.417969	-95.965233
19099.951172	-96.469193
19121.484375	-96.594299
19143.017578	-95.363113
19164.550781	-94.917198
19186.083984	-95.395508
19207.617188	-96.061829
19229.150391	-96.479073
19250.683594	-93.175453
19272.216797	-92.326141
19293.750000	-93.100060
19315.283203	-91.672073
19336.816406	-91.520660
19358.349609	-87.204788
19379.882812	-85.751755
19401.416016	-85.098015
19422.949219	-86.225700
19444.482422	-89.775848
19466.015625	-91.698921
19487.548828	-89.728340
19509.082031	-90.101791
19530.615234	-91.717079
19552.148438	-91.813606
19573.681641	-89.483551
19595.214844	-86.954483
19616.748047	-87.335701
19638.281250	-88.530312
19659.814453	-87.321060
19681.347656	-88.322083
19702.880859	-85.724602
19724.414062	-85.451942
19745.947266	-85.776985
19767.480469	-88.177155
19789.013672	-91.593376
19810.546875	-94.158699
19832.080078	-93.040787
19853.613281	-94.060532
19875.146484	-96.195145
19896.679688	-94.442062
19918.212891	-92.854134
19939.746094	-94.110840
19961.279297	-96.446907
19982.812500	-99.037926
20004.345703	-99.411423
20025.878906	-98.904625
20047.412109	-96.957840
20068.945312	-96.622040
20090.478516	-96.696915
20112.011719	-96.643402
20133.544922	-97.653137
20155.078125	-98.259712
20176.611328	-96.223640
20198.144531	-97.473320
20219.677734	-99.544441
20241.210938	-97.943214
20262.744141	-93.923836
20284.277344	-92.985893
20305.810547	-95.011108
20327.343750	-95.592148
20348.876953	-96.430954
20370.410156	-91.901222
20391.943359	-90.786217
20413.476562	-92.006950
20435.009766	-94.547333
20456.542969	-96.348595
20478.076172	-99.937653
20499.609375	-101.601303
20521.142578	-101.248520
20542.675781	-104.394409
20564.208984	-105.771324
20585.742188	-102.773392
20607.275391	-101.584114
20628.808594	-103.019295
20650.341797	-105.108376
20671.875000	-104.448128
20693.408203	-104.043694
20714.941406	-101.787315
20736.474609	-101.198730
20758.007812	-102.711533
20779.541016	-103.845184
20801.074219	-105.682060
20822.607422	-105.656944
20844.140625	-103.541481
20865.673828	-102.758736
20887.207031	-103.235458
20908.740234	-102.416481
20930.273438	-98.124702
20951.806641	-97.666939
20973.339844	-99.793831
20994.873047	-102.589615
21016.406250	-103.613396
21037.939453	-103.095947
21059.472656	-100.876747
21081.005859	-102.400818
21102.539062	-104.244041
21124.072266	-105.908485
21145.605469	-106.123016
21167.138672	-106.282562
21188.671875	-105.534973
21210.205078	-104.542442
21231.738281	-105.645226
21253.271484	-106.881371
21274.804688	-107.404793
21296.337891	-107.907982
21317.871094	-110.267311
21339.404297	-111.115967
21360.937500	-112.282837
21382.470703	-109.634392
21404.003906	-108.660812
21425.537109	-110.307190
21447.070312	-109.581291
21468.603516	-112.130196
21490.136719	-112.206902
21511.669922	-111.377228
21533.203125	-110.406532
21554.736328	-110.245338
21576.269531	-109.741882
21597.802734	-109.404984
21619.335938	-107.928421
21640.869141	-106.991310
21662.402344	-107.369881
21683.935547	-107.351135
21705.468750	-107.425140
21727.001953	-106.532005
21748.535156	-103.759285
21770.068359	-104.051094
21791.601562	-105.761307
21813.134766	-107.121147
21834.667969	-109.151993
21856.201172	-108.580612
21877.734375	-108.842003
21899.267578	-108.062660
21920.800781	-107.763191
21942.333984	-109.924065
21963.867188	-107.537399
21985.400391	-106.995064
22006.933594	-109.081078
22028.466797	-110.212212
