Frequency (Hz)	Level (dB)
21.533203	-60.801666
43.066406	-73.921799
64.599609	-85.751274
86.132812	-86.900146
107.666016	-88.206871
129.199219	-84.798515
150.732422	-86.740646
172.265625	-88.327789
193.798828	-90.318565
215.332031	-92.422325
236.865234	-91.386734
258.398438	-86.970253
279.931641	-79.222969
301.464844	-64.777145
322.998047	-43.749939
344.531250	-39.992184
366.064453	-47.904026
387.597656	-73.149994
409.130859	-82.361153
430.664062	-83.163857
452.197266	-80.670120
473.730469	-78.680443
495.263672	-72.195786
516.796875	-70.516792
538.330078	-70.969330
559.863281	-69.332458
581.396484	-64.907188
602.929688	-58.303421
624.462891	-48.450558
645.996094	-30.790974
667.529297	-17.286289
689.062500	-15.864955
710.595703	-25.242828
732.128906	-47.757580
753.662109	-57.998932
775.195312	-65.114212
796.728516	-70.454750
818.261719	-72.890419
839.794922	-70.359016
861.328125	-72.202560
882.861328	-74.457329
904.394531	-73.070129
925.927734	-70.202957
947.460938	-63.774567
968.994141	-52.974144
990.527344	-35.953667
1012.060547	-27.229082
1033.593750	-27.320332
1055.126953	-35.595673
1076.660156	-56.269871
1098.193359	-66.049850
1119.726562	-69.285027
1141.259766	-67.662544
1162.792969	-64.220840
1184.326172	-60.780376
1205.859375	-62.993961
1227.392578	-68.952568
1248.925781	-68.915878
1270.458984	-69.917320
1291.992188	-65.348778
1313.525391	-55.410305
1335.058594	-41.323235
1356.591797	-38.260471
1378.125000	-42.684456
1399.658203	-50.495678
1421.191406	-62.218849
1442.724609	-64.912537
1464.257812	-61.402985
1485.791016	-62.539970
1507.324219	-60.985546
1528.857422	-60.302517
1550.390625	-64.006058
1571.923828	-71.455704
1593.457031	-73.487617
1614.990234	-75.084976
1636.523438	-69.858963
1658.056641	-54.058037
1679.589844	-42.944996
1701.123047	-40.662945
1722.656250	-43.926514
1744.189453	-51.509773
1765.722656	-68.716446
1787.255859	-83.391159
1808.789062	-87.785942
1830.322266	-91.822044
1851.855469	-86.219940
1873.388672	-83.689713
1894.921875	-86.243790
1916.455078	-91.281883
1937.988281	-88.702515
1959.521484	-79.648865
1981.054688	-71.406853
2002.587891	-60.708561
2024.121094	-50.750843
2045.654297	-47.495090
2067.187500	-50.206085
2088.720703	-54.628887
2110.253906	-67.943542
2131.787109	-85.177361
2153.320312	-88.876190
2174.853516	-86.335114
2196.386719	-84.683945
2217.919922	-85.059196
2239.453125	-85.319908
2260.986328	-86.925499
2282.519531	-78.959045
2304.052734	-72.561569
2325.585938	-65.782867
2347.119141	-57.222580
2368.652344	-48.763851
2390.185547	-47.916035
2411.718750	-54.219723
2433.251953	-58.471313
2454.785156	-70.665215
2476.318359	-87.332855
2497.851562	-88.439095
2519.384766	-83.197853
2540.917969	-80.474861
2562.451172	-80.428535
2583.984375	-83.351509
2605.517578	-85.316772
2627.050781	-84.424316
2648.583984	-77.860229
2670.117188	-67.844604
2691.650391	-59.955975
2713.183594	-54.818375
2734.716797	-54.100571
2756.250000	-60.679588
2777.783203	-70.510338
2799.316406	-79.136665
2820.849609	-83.450256
2842.382812	-80.497986
2863.916016	-76.356506
2885.449219	-74.237350
2906.982422	-73.181160
2928.515625	-75.284821
2950.048828	-72.128250
2971.582031	-64.096649
2993.115234	-55.861408
3014.648438	-43.149693
3036.181641	-35.371243
3057.714844	-29.639936
3079.248047	-31.065622
3100.781250	-38.367451
3122.314453	-42.095131
3143.847656	-50.874645
3165.380859	-66.263809
3186.914062	-66.691788
3208.447266	-64.420174
3229.980469	-63.613071
3251.513672	-65.519112
3273.046875	-67.950195
3294.580078	-65.200493
3316.113281	-61.714695
3337.646484	-57.224449
3359.179688	-50.612644
3380.712891	-45.848576
3402.246094	-43.959110
3423.779297	-47.332401
3445.312500	-53.988602
3466.845703	-55.418434
3488.378906	-61.964432
3509.912109	-79.141006
3531.445312	-81.321548
3552.978516	-78.524612
3574.511719	-77.708633
3596.044922	-79.574768
3617.578125	-78.501945
3639.111328	-75.275291
3660.644531	-68.108704
3682.177734	-56.462624
3703.710938	-48.597797
3725.244141	-44.944965
3746.777344	-43.229843
3768.310547	-46.288109
3789.843750	-52.704273
3811.376953	-58.717457
3832.910156	-64.178482
3854.443359	-71.102951
3875.976562	-69.307480
3897.509766	-67.536781
3919.042969	-65.885963
3940.576172	-67.215469
3962.109375	-69.060875
3983.642578	-64.638908
4005.175781	-60.562103
4026.708984	-52.002354
4048.242188	-46.404102
4069.775391	-42.656937
4091.308594	-41.545395
4112.841797	-45.114872
4134.375000	-53.022484
4155.908203	-56.156170
4177.441406	-61.462383
4198.974609	-70.107788
4220.507812	-68.979179
4242.041016	-66.652145
4263.574219	-65.836601
4285.107422	-64.365845
4306.640625	-62.688210
4328.173828	-59.745872
4349.707031	-55.819229
4371.240234	-48.440735
4392.773438	-45.754826
4414.306641	-43.286243
4435.839844	-43.203079
4457.373047	-47.938622
4478.906250	-51.604626
4500.439453	-50.655136
4521.972656	-55.474598
4543.505859	-68.852432
4565.039062	-72.425598
4586.572266	-72.892708
4608.105469	-73.900780
4629.638672	-76.685532
4651.171875	-75.488960
4672.705078	-74.294495
4694.238281	-71.793549
4715.771484	-65.695465
4737.304688	-65.230217
4758.837891	-64.047638
4780.371094	-62.667641
4801.904297	-66.548988
4823.437500	-71.075523
4844.970703	-71.053871
4866.503906	-75.601944
4888.037109	-88.453392
4909.570312	-87.263344
4931.103516	-85.101761
4952.636719	-86.086433
4974.169922	-87.349396
4995.703125	-84.337341
5017.236328	-76.137459
5038.769531	-62.869156
5060.302734	-59.512825
5081.835938	-58.386158
5103.369141	-53.206913
5124.902344	-53.598026
5146.435547	-57.599236
5167.968750	-65.075516
5189.501953	-69.183014
5211.035156	-68.213860
5232.568359	-71.067963
5254.101562	-70.633759
5275.634766	-68.177650
5297.167969	-67.875587
5318.701172	-70.758270
5340.234375	-71.609825
5361.767578	-70.456032
5383.300781	-68.062828
5404.833984	-61.111023
5426.367188	-54.433819
5447.900391	-52.212967
5469.433594	-53.755196
5490.966797	-60.554550
5512.500000	-63.111797
5534.033203	-64.691505
5555.566406	-67.454659
5577.099609	-72.935959
5598.632812	-73.341675
5620.166016	-73.205582
5641.699219	-73.470764
5663.232422	-76.526093
5684.765625	-77.630531
5706.298828	-76.632668
5727.832031	-74.651817
5749.365234	-72.506561
5770.898438	-68.851234
5792.431641	-68.503166
5813.964844	-70.768547
5835.498047	-75.051094
5857.031250	-80.035110
5878.564453	-83.370369
5900.097656	-81.984581
5921.630859	-79.251740
5943.164062	-77.717392
5964.697266	-77.050919
5986.230469	-76.879982
6007.763672	-78.484688
6029.296875	-79.392715
6050.830078	-67.849899
6072.363281	-64.979492
6093.896484	-66.864799
6115.429688	-65.546761
6136.962891	-64.691002
6158.496094	-65.448418
6180.029297	-65.947601
6201.562500	-69.457512
6223.095703	-68.674202
6244.628906	-68.530762
6266.162109	-74.484978
6287.695312	-77.942909
6309.228516	-80.786598
6330.761719	-82.687149
6352.294922	-81.123978
6373.828125	-78.776405
6395.361328	-74.587456
6416.894531	-74.883820
6438.427734	-70.742271
6459.960938	-64.036110
6481.494141	-61.271214
6503.027344	-65.386314
6524.560547	-71.005432
6546.093750	-70.266106
6567.626953	-70.149971
6589.160156	-68.503059
6610.693359	-73.328926
6632.226562	-77.024681
6653.759766	-75.149765
6675.292969	-77.067329
6696.826172	-81.030090
6718.359375	-79.637810
6739.892578	-76.080643
6761.425781	-79.108246
6782.958984	-80.062508
6804.492188	-79.085007
6826.025391	-79.592598
6847.558594	-78.643150
6869.091797	-80.142097
6890.625000	-87.437958
6912.158203	-84.786438
6933.691406	-82.723267
6955.224609	-78.878860
6976.757812	-74.177002
6998.291016	-71.529037
7019.824219	-73.042351
7041.357422	-73.083565
7062.890625	-67.372787
7084.423828	-66.212715
7105.957031	-65.400879
7127.490234	-61.499676
7149.023438	-62.719944
7170.556641	-64.354294
7192.089844	-69.467613
7213.623047	-73.562439
7235.156250	-76.751801
7256.689453	-76.977501
7278.222656	-75.808510
7299.755859	-81.602470
7321.289062	-88.753250
7342.822266	-89.614128
7364.355469	-90.925644
7385.888672	-91.223709
7407.421875	-88.893028
7428.955078	-88.494888
7450.488281	-79.273903
7472.021484	-75.214386
7493.554688	-71.939667
7515.087891	-71.386513
7536.621094	-76.612762
7558.154297	-78.875748
7579.687500	-76.013985
7601.220703	-76.457863
7622.753906	-76.587158
7644.287109	-81.713226
7665.820312	-87.414764
7687.353516	-87.327919
7708.886719	-92.170776
7730.419922	-92.896149
7751.953125	-91.234566
7773.486328	-91.592102
7795.019531	-89.147171
7816.552734	-87.178978
7838.085938	-84.236046
7859.619141	-84.356178
7881.152344	-85.413872
7902.685547	-86.408089
7924.218750	-82.488464
7945.751953	-81.851936
7967.285156	-81.865089
7988.818359	-85.846725
8010.351562	-91.948090
8031.884766	-94.446686
8053.417969	-92.440353
8074.951172	-88.831490
8096.484375	-88.416100
8118.017578	-86.859192
8139.550781	-80.841591
8161.083984	-78.975441
8182.617188	-78.900200
8204.150391	-80.031113
8225.683594	-80.029716
8247.216797	-82.414795
8268.750000	-81.830925
8290.283203	-78.617912
8311.816406	-74.128517
8333.349609	-74.568848
8354.882812	-76.314995
8376.416016	-76.996696
8397.949219	-75.375259
8419.482422	-72.255081
8441.015625	-72.232391
8462.548828	-66.543732
8484.082031	-62.211498
8505.615234	-60.587391
8527.148438	-58.671963
8548.681641	-62.115421
8570.214844	-67.056480
8591.748047	-70.484894
8613.281250	-69.372337
8634.814453	-69.435234
8656.347656	-67.564583
8677.880859	-69.288681
8699.414062	-78.180473
8720.947266	-81.610619
8742.480469	-78.454903
8764.013672	-77.336906
8785.546875	-75.951187
8807.080078	-70.158615
8828.613281	-65.617401
8850.146484	-62.232185
8871.679688	-61.675343
8893.212891	-64.124748
8914.746094	-64.014420
8936.279297	-67.854012
8957.812500	-68.246452
8979.345703	-68.190025
9000.878906	-65.182526
9022.412109	-65.756271
9043.945312	-73.452858
9065.478516	-76.201202
9087.011719	-70.050613
9108.544922	-70.277695
9130.078125	-73.152367
9151.611328	-69.722488
9173.144531	-66.981911
9194.677734	-64.199127
9216.210938	-65.722656
9237.744141	-70.707497
9259.277344	-70.577881
9280.810547	-74.201897
9302.343750	-73.513268
9323.876953	-72.372017
9345.410156	-71.129097
9366.943359	-70.002426
9388.476562	-70.952263
9410.009766	-66.422836
9431.542969	-61.100784
9453.076172	-63.071819
9474.609375	-65.446037
9496.142578	-63.697651
9517.675781	-63.017414
9539.208984	-61.860909
9560.742188	-63.137955
9582.275391	-68.319313
9603.808594	-71.522011
9625.341797	-73.724838
9646.875000	-69.721024
9668.408203	-68.056229
9689.941406	-66.888771
9711.474609	-65.795395
9733.007812	-71.022301
9754.541016	-66.547768
9776.074219	-63.570202
9797.607422	-67.262100
9819.140625	-66.094353
9840.673828	-62.425789
9862.207031	-62.332630
9883.740234	-60.889324
9905.273438	-62.692493
9926.806641	-68.432465
9948.339844	-69.473587
9969.873047	-74.523285
9991.406250	-75.506798
10012.939453	-74.834137
10034.472656	-76.169724
10056.005859	-76.477448
10077.539062	-78.501228
10099.072266	-74.808617
10120.605469	-75.337624
10142.138672	-79.260834
10163.671875	-75.336853
10185.205078	-72.707466
10206.738281	-72.380653
10228.271484	-70.486053
10249.804688	-73.518288
10271.337891	-77.724533
10292.871094	-78.687057
10314.404297	-86.450546
10335.937500	-87.186523
10357.470703	-86.716187
10379.003906	-88.153404
10400.537109	-86.730545
10422.070312	-90.635529
10443.603516	-88.028824
10465.136719	-88.761192
10486.669922	-88.430283
10508.203125	-86.443504
10529.736328	-84.479637
10551.269531	-80.143906
10572.802734	-79.254593
10594.335938	-80.119705
10615.869141	-84.103279
10637.402344	-86.370995
10658.935547	-85.407219
10680.468750	-80.150421
10702.001953	-79.463165
10723.535156	-80.258224
10745.068359	-75.694603
10766.601562	-70.698715
10788.134766	-68.748070
10809.667969	-72.168312
10831.201172	-74.710793
10852.734375	-72.277939
10874.267578	-73.686211
10895.800781	-74.835098
10917.333984	-72.041573
10938.867188	-74.381424
10960.400391	-78.696358
10981.933594	-81.646912
11003.466797	-84.265144
11025.000000	-78.714699
11046.533203	-76.531464
11068.066406	-77.543625
11089.599609	-73.895836
11111.132812	-76.607834
11132.666016	-80.771248
11154.199219	-81.971802
11175.732422	-74.876183
11197.265625	-69.510742
11218.798828	-71.167633
11240.332031	-70.620354
11261.865234	-69.345123
11283.398438	-73.796669
11304.931641	-74.940056
11326.464844	-75.976433
11347.998047	-79.034813
11369.531250	-78.198235
11391.064453	-78.278702
11412.597656	-78.327698
11434.130859	-73.877907
11455.664062	-72.345238
11477.197266	-75.714211
11498.730469	-77.629997
11520.263672	-72.999825
11541.796875	-71.170341
11563.330078	-71.269569
11584.863281	-69.698242
11606.396484	-69.634537
11627.929688	-74.148483
11649.462891	-75.448135
11670.996094	-77.005135
11692.529297	-78.218842
11714.062500	-75.521927
11735.595703	-75.162582
11757.128906	-75.238525
11778.662109	-68.129120
11800.195312	-66.763802
11821.728516	-70.348091
11843.261719	-71.895897
11864.794922	-69.152107
11886.328125	-68.222260
11907.861328	-67.958534
11929.394531	-65.951920
11950.927734	-65.630516
11972.460938	-70.805016
11993.994141	-70.058540
12015.527344	-71.968475
12037.060547	-74.983047
12058.593750	-74.568436
12080.126953	-74.511406
12101.660156	-73.222290
12123.193359	-68.971077
12144.726562	-70.416290
12166.259766	-71.189392
12187.792969	-67.854416
12209.326172	-61.599030
12230.859375	-62.703609
12252.392578	-64.122604
12273.925781	-63.096336
12295.458984	-65.091568
12316.992188	-72.187004
12338.525391	-72.864563
12360.058594	-76.142082
12381.591797	-76.860191
12403.125000	-77.019508
12424.658203	-77.780632
12446.191406	-72.228012
12467.724609	-68.652000
12489.257812	-71.956581
12510.791016	-74.725357
12532.324219	-75.041306
12553.857422	-72.286217
12575.390625	-72.384094
12596.923828	-70.979149
12618.457031	-69.520416
12639.990234	-70.778275
12661.523438	-73.763397
12683.056641	-71.652161
12704.589844	-74.673759
12726.123047	-77.085220
12747.656250	-74.658127
12769.189453	-74.000687
12790.722656	-71.113068
12812.255859	-70.377327
12833.789062	-73.420082
12855.322266	-75.518959
12876.855469	-72.388405
12898.388672	-69.863159
12919.921875	-69.840027
12941.455078	-68.595894
12962.988281	-68.909737
12984.521484	-71.782410
13006.054688	-76.829704
13027.587891	-75.310326
13049.121094	-77.014023
13070.654297	-75.729500
13092.187500	-74.811508
13113.720703	-73.548698
13135.253906	-68.764755
13156.787109	-69.911324
13178.320312	-72.027771
13199.853516	-73.065063
13221.386719	-69.988770
13242.919922	-69.242279
13264.453125	-70.597984
13285.986328	-69.027397
13307.519531	-66.859810
13329.052734	-69.261429
13350.585938	-75.455551
13372.119141	-77.459175
13393.652344	-79.166611
13415.185547	-79.649544
13436.718750	-79.764122
13458.251953	-81.078667
13479.785156	-81.269356
13501.318359	-82.547722
13522.851562	-82.130798
13544.384766	-85.337906
13565.917969	-82.888428
13587.451172	-81.308823
13608.984375	-81.811378
13630.517578	-81.445831
13652.050781	-82.914825
13673.583984	-85.897476
13695.117188	-87.867973
13716.650391	-89.209663
13738.183594	-92.093147
13759.716797	-92.693352
13781.250000	-90.962288
13802.783203	-89.439201
13824.316406	-89.927345
13845.849609	-92.794128
13867.382812	-94.131676
13888.916016	-93.359108
13910.449219	-91.470154
13931.982422	-91.911079
13953.515625	-91.411522
13975.048828	-88.980713
13996.582031	-89.217842
14018.115234	-92.192749
14039.648438	-91.533272
14061.181641	-87.695114
14082.714844	-88.883568
14104.248047	-87.441803
14125.781250	-88.149246
14147.314453	-86.915901
14168.847656	-87.309021
14190.380859	-88.241882
14211.914062	-86.599861
14233.447266	-87.872192
14254.980469	-88.401848
14276.513672	-89.906166
14298.046875	-89.839073
14319.580078	-87.949173
14341.113281	-85.818398
14362.646484	-89.903633
14384.179688	-95.407822
14405.712891	-95.257317
14427.246094	-95.640266
14448.779297	-95.657585
14470.312500	-96.290016
14491.845703	-95.174416
14513.378906	-95.349724
14534.912109	-96.768471
14556.445312	-94.580589
14577.978516	-92.792183
14599.511719	-92.177284
14621.044922	-93.974571
14642.578125	-94.737236
14664.111328	-93.812149
14685.644531	-93.745384
14707.177734	-97.622337
14728.710938	-98.065102
14750.244141	-98.503181
14771.777344	-97.922203
14793.310547	-97.595505
14814.843750	-96.790329
14836.376953	-95.187355
14857.910156	-94.599472
14879.443359	-94.632271
14900.976562	-91.220665
14922.509766	-88.717880
14944.042969	-87.971436
14965.576172	-88.720009
14987.109375	-87.315727
15008.642578	-85.637642
15030.175781	-87.285477
15051.708984	-90.501038
15073.242188	-90.263176
15094.775391	-90.286285
15116.308594	-93.131500
15137.841797	-93.822571
15159.375000	-92.349800
15180.908203	-93.200684
15202.441406	-93.029785
15223.974609	-93.613251
15245.507812	-92.429375
15267.041016	-90.664780
15288.574219	-90.557625
15310.107422	-91.296349
15331.640625	-90.069725
15353.173828	-93.418495
15374.707031	-97.459732
15396.240234	-98.955696
15417.773438	-97.839142
15439.306641	-96.903648
15460.839844	-97.675934
15482.373047	-95.942215
15503.906250	-94.708214
15525.439453	-95.261391
15546.972656	-95.443855
15568.505859	-95.025543
15590.039062	-93.123016
15611.572266	-92.236969
15633.105469	-95.258850
15654.638672	-95.707832
15676.171875	-93.651573
15697.705078	-91.214302
15719.238281	-91.993553
15740.771484	-95.679604
15762.304688	-93.791260
15783.837891	-94.199425
15805.371094	-96.827827
15826.904297	-95.848473
15848.437500	-96.724922
15869.970703	-98.821976
15891.503906	-100.151741
15913.037109	-99.108917
15934.570312	-98.139549
15956.103516	-97.915436
15977.636719	-98.187248
15999.169922	-95.792770
16020.703125	-95.315834
16042.236328	-96.003807
16063.769531	-98.950958
16085.302734	-99.767036
16106.835938	-99.162453
16128.369141	-100.896378
16149.902344	-100.265381
16171.435547	-99.132156
16192.968750	-100.595757
16214.501953	-102.062553
16236.035156	-102.275978
16257.568359	-101.702690
16279.101562	-99.863083
16300.634766	-100.463135
16322.167969	-103.153122
16343.701172	-101.567009
16365.234375	-100.655983
16386.767578	-98.383453
16408.300781	-99.856537
16429.833984	-103.984970
16451.367188	-105.215569
16472.900391	-104.007927
16494.433594	-102.544579
16515.966797	-100.276787
16537.500000	-100.771873
16559.033203	-100.333626
16580.566406	-100.094711
16602.099609	-101.131058
16623.632812	-98.247849
16645.166016	-97.993362
16666.699219	-100.805664
16688.232422	-98.389648
16709.765625	-96.691292
16731.298828	-93.352196
16752.832031	-94.318130
16774.365234	-97.143509
16795.898438	-99.206429
16817.431641	-100.842834
16838.964844	-100.945892
16860.498047	-98.847458
16882.031250	-98.798927
16903.564453	-99.613899
16925.097656	-99.892937
16946.630859	-95.859200
16968.164062	-92.403656
16989.697266	-94.317520
17011.230469	-98.619858
17032.763672	-98.557457
17054.296875	-96.425858
17075.830078	-93.400955
17097.363281	-96.395943
17118.896484	-100.536552
17140.429688	-101.154907
17161.962891	-100.099556
17183.496094	-99.823822
17205.029297	-99.466896
17226.562500	-99.441559
17248.095703	-99.707253
17269.628906	-99.030029
17291.162109	-99.654205
17312.695312	-98.918915
17334.228516	-96.720619
17355.761719	-97.675011
17377.294922	-99.738617
17398.828125	-98.561211
17420.361328	-98.745277
17441.894531	-100.385643
17463.427734	-100.211761
17484.960938	-102.375008
17506.494141	-103.211197
17528.027344	-102.119652
17549.560547	-99.345520
17571.093750	-98.301811
17592.626953	-99.647133
17614.160156	-100.201302
17635.693359	-98.765572
17657.226562	-96.502907
17678.759766	-96.168930
17700.292969	-95.692917
17721.826172	-94.632011
17743.359375	-92.828262
17764.892578	-92.917702
17786.425781	-93.315575
17807.958984	-93.722649
17829.492188	-92.780975
17851.025391	-94.631256
17872.558594	-97.517441
17894.091797	-97.294846
17915.625000	-97.812683
17937.158203	-99.233795
17958.691406	-96.998604
17980.224609	-94.699951
18001.757812	-97.168556
18023.291016	-98.627403
18044.824219	-99.226700
18066.357422	-101.530838
18087.890625	-101.497383
18109.423828	-102.393784
18130.957031	-103.282654
18152.490234	-102.680252
18174.023438	-100.156013
18195.556641	-98.348846
18217.089844	-98.021614
18238.623047	-95.498390
18260.156250	-93.642784
18281.689453	-94.321518
18303.222656	-94.478798
18324.755859	-95.464203
18346.289062	-95.737297
18367.822266	-94.580849
18389.355469	-95.789192
18410.888672	-97.704010
18432.421875	-99.010918
18453.955078	-101.237228
18475.488281	-100.747337
18497.021484	-101.828781
18518.554688	-99.997658
18540.087891	-99.028358
18561.621094	-99.899696
18583.154297	-99.781517
18604.687500	-97.796471
18626.220703	-98.756042
18647.753906	-98.076828
18669.287109	-97.275482
18690.820312	-98.526367
18712.353516	-96.947670
18733.886719	-97.869133
18755.419922	-99.361603
18776.953125	-99.291756
18798.486328	-98.197502
18820.019531	-95.031967
18841.552734	-95.295616
18863.085938	-95.653435
18884.619141	-96.875366
18906.152344	-96.321220
18927.685547	-96.232552
18949.218750	-96.078003
18970.751953	-96.736107
18992.285156	-95.774574
19013.818359	-96.372543
19035.351562	-94.430305
19056.884766	-94.949196
19078.417969	-96.619682
19099.951172	-93.471512
19121.484375	-91.081802
19143.017578	-92.147453
19164.550781	-93.239189
19186.083984	-93.270203
19207.617188	-93.598206
19229.150391	-94.388321
19250.683594	-93.926109
19272.216797	-94.360237
19293.750000	-96.876320
19315.283203	-97.001839
19336.816406	-94.469299
19358.349609	-96.688454
19379.882812	-97.648140
19401.416016	-96.083298
19422.949219	-97.321404
19444.482422	-98.287552
19466.015625	-98.474915
19487.548828	-99.686180
19509.082031	-101.135323
19530.615234	-102.440369
19552.148438	-103.572052
19573.681641	-102.536537
19595.214844	-100.866714
19616.748047	-101.196617
19638.281250	-100.522804
19659.814453	-98.542542
19681.347656	-97.023521
19702.880859	-97.961166
19724.414062	-97.845947
19745.947266	-96.118263
19767.480469	-97.543358
19789.013672	-97.777817
19810.546875	-99.072807
19832.080078	-101.693489
19853.613281	-100.696899
19875.146484	-99.444122
19896.679688	-100.604439
19918.212891	-101.108139
19939.746094	-100.410141
19961.279297	-99.480576
19982.812500	-97.537605
20004.345703	-94.913155
20025.878906	-94.210312
20047.412109	-96.474693
20068.945312	-96.797226
20090.478516	-95.506302
20112.011719	-94.581085
20133.544922	-94.860878
20155.078125	-95.095055
20176.611328	-97.903297
20198.144531	-97.775780
20219.677734	-96.411949
20241.210938	-95.616333
20262.744141	-97.098312
20284.277344	-97.512856
20305.810547	-96.958710
20327.343750	-96.239349
20348.876953	-93.630882
20370.410156	-94.821159
20391.943359	-97.880501
20413.476562	-97.229836
20435.009766	-96.445877
20456.542969	-98.265244
20478.076172	-99.295746
20499.609375	-99.686279
20521.142578	-98.382019
20542.675781	-96.579391
20564.208984	-96.500526
20585.742188	-98.337997
20607.275391	-98.909737
20628.808594	-99.241684
20650.341797	-98.257385
20671.875000	-98.789940
20693.408203	-99.520203
20714.941406	-99.716980
20736.474609	-101.707848
20758.007812	-100.321777
20779.541016	-100.121185
20801.074219	-103.849091
20822.607422	-103.634079
20844.140625	-102.711449
20865.673828	-102.298134
20887.207031	-101.911285
20908.740234	-102.624405
20930.273438	-103.085114
20951.806641	-101.189682
20973.339844	-99.707581
20994.873047	-98.156227
21016.406250	-97.101433
21037.939453	-97.776634
21059.472656	-98.878098
21081.005859	-100.303673
21102.539062	-99.036163
21124.072266	-98.705940
21145.605469	-98.137543
21167.138672	-97.860008
21188.671875	-99.391258
21210.205078	-99.930290
21231.738281	-98.850708
21253.271484	-99.204659
21274.804688	-100.754906
21296.337891	-101.983177
21317.871094	-102.576431
21339.404297	-101.167107
21360.937500	-98.430595
21382.470703	-98.230980
21404.003906	-100.804718
21425.537109	-98.430756
21447.070312	-97.765007
21468.603516	-98.403267
21490.136719	-97.513306
21511.669922	-98.621346
21533.203125	-100.725960
21554.736328	-99.107231
21576.269531	-98.591896
21597.802734	-98.952805
21619.335938	-99.007240
21640.869141	-101.436317
21662.402344	-102.809006
21683.935547	-102.087440
21705.468750	-101.529610
21727.001953	-103.300758
21748.535156	-104.690445
21770.068359	-103.168358
21791.601562	-103.437561
21813.134766	-104.237953
21834.667969	-105.056122
21856.201172	-106.244568
21877.734375	-106.266960
21899.267578	-105.007553
21920.800781	-106.672539
21942.333984	-109.672722
21963.867188	-110.104813
21985.400391	-110.452812
22006.933594	-112.839859
22028.466797	-111.631493
